0.17339051,0.7725,0.17339051,0.32987905,0.099279106,0.83,0.099279106,0.25433046
0.11499784,0.8525,0.11499784,0.26382765,0.075021416,0.86,0.075021416,0.21701565
0.08396715,0.86375,0.08396715,0.22365193,0.059084725,0.855,0.059084725,0.18789555
0.07284957,0.87625,0.07284957,0.19823483,0.04224716,0.88,0.04224716,0.15243992
0.061438307,0.89,0.061438307,0.17608154,0.04312308,0.89,0.04312308,0.139892
0.05648416,0.89125,0.05648416,0.1676168,0.033817105,0.895,0.033817105,0.13385165
0.05302827,0.90375,0.05302827,0.16060236,0.04717369,0.91,0.04717369,0.141418
0.05658167,0.88875,0.05658167,0.15934728,0.022571119,0.92,0.022571119,0.10899326
0.053704076,0.8925,0.053704076,0.15727681,0.02744279,0.91,0.02744279,0.119083345
0.049712256,0.9225,0.049712256,0.15199974,0.020890707,0.955,0.020890707,0.09315208
0.04834894,0.9125,0.04834894,0.14516604,0.031188363,0.895,0.031188363,0.12327064
0.047894046,0.9025,0.047894046,0.14718139,0.026868338,0.94,0.026868338,0.10007987
0.038623035,0.9275,0.038623035,0.12607947,0.019182878,0.945,0.019182878,0.08170522
0.038982354,0.91125,0.038982354,0.12332071,0.018172666,0.955,0.018172666,0.09720101
0.033764392,0.93125,0.033764392,0.11961378,0.016651548,0.96,0.016651548,0.08286899
0.049627166,0.90375,0.049627166,0.14500341,0.032269422,0.91,0.032269422,0.12225385
0.044163875,0.90875,0.044163875,0.1356865,0.021407539,0.91,0.021407539,0.10267069
0.036658436,0.93625,0.036658436,0.1283938,0.01850558,0.93,0.01850558,0.089235514
0.03591373,0.9275,0.03591373,0.11837846,0.017779361,0.955,0.017779361,0.085422106
0.045969397,0.91875,0.045969397,0.13596828,0.032051235,0.93,0.032051235,0.10902497
0.038279396,0.9175,0.038279396,0.13013218,0.025655797,0.93,0.025655797,0.10009794
0.032873373,0.93,0.032873373,0.11615757,0.011642927,0.95,0.011642927,0.07785949
0.027497936,0.93625,0.027497936,0.10410279,0.018335171,0.95,0.018335171,0.0980424
0.028333655,0.9225,0.028333655,0.1113677,0.014911629,0.96,0.014911629,0.08243135
0.029151568,0.9325,0.029151568,0.1083206,0.010112267,0.965,0.010112267,0.06746597
0.028720176,0.9275,0.028720176,0.10624469,0.010394698,0.95,0.010394698,0.07254104
0.027544087,0.92375,0.027544087,0.10780206,0.011729181,0.98,0.011729181,0.068754576
0.030218396,0.92875,0.030218396,0.10864782,0.011802622,0.96,0.011802622,0.06274359
0.02760141,0.9275,0.02760141,0.10785432,0.011362419,0.97,0.011362419,0.07560063
0.027526416,0.91875,0.027526416,0.10637106,0.012375431,0.975,0.012375431,0.07586089
0.022914765,0.94625,0.022914765,0.099360265,0.011745345,0.965,0.011745345,0.067287005
0.030909566,0.93,0.030909566,0.11202454,0.014041391,0.955,0.014041391,0.086206205
0.03147372,0.91375,0.03147372,0.11397325,0.029602738,0.955,0.029602738,0.09382065
0.03045058,0.92625,0.03045058,0.11117366,0.013623599,0.955,0.013623599,0.07931447
0.0285667,0.91875,0.0285667,0.10968027,0.012700397,0.945,0.012700397,0.076212876
0.025034923,0.93375,0.025034923,0.1047683,0.013156698,0.95,0.013156698,0.07696519
0.029453749,0.9325,0.029453749,0.107919306,0.017302621,0.925,0.017302621,0.09163595
0.03098721,0.92,0.03098721,0.11226221,0.009821317,0.975,0.009821317,0.07043943
0.026692314,0.94125,0.026692314,0.10531578,0.019753378,0.96,0.019753378,0.08435239
0.025038302,0.925,0.025038302,0.10300494,0.011753711,0.985,0.011753711,0.07527986
0.021217898,0.9475,0.021217898,0.09639454,0.014331731,0.975,0.014331731,0.07385325
0.026613088,0.9325,0.026613088,0.10118862,0.018037347,0.955,0.018037347,0.07971896
0.029832356,0.91875,0.029832356,0.11200451,0.013563498,0.96,0.013563498,0.077209055
0.028930772,0.93875,0.028930772,0.10916118,0.020437088,0.97,0.020437088,0.07751561
0.029321278,0.9375,0.029321278,0.105669335,0.020309927,0.955,0.020309927,0.08116919
0.028337358,0.94375,0.028337358,0.0996228,0.011351727,0.96,0.011351727,0.0714125
0.02161222,0.94375,0.02161222,0.09649481,0.011048318,0.965,0.011048318,0.07209552
0.026889522,0.93125,0.026889522,0.10422637,0.014391584,0.98,0.014391584,0.08308415
0.024807718,0.935,0.024807718,0.10463285,0.021861158,0.945,0.021861158,0.08529338
0.026846195,0.93125,0.026846195,0.10602623,0.011927818,0.955,0.011927818,0.07463016
0.02163193,0.94375,0.02163193,0.09309068,0.018037854,0.98,0.018037854,0.06935451
0.0201583,0.94625,0.0201583,0.09174743,0.011370019,0.955,0.011370019,0.07823844
0.025802383,0.9325,0.025802383,0.09275896,0.015089415,0.97,0.015089415,0.08015175
0.028738772,0.93875,0.028738772,0.10678265,0.027251558,0.94,0.027251558,0.09642125
0.029046025,0.9125,0.029046025,0.11914964,0.015289919,0.96,0.015289919,0.09281693
0.029785514,0.94625,0.029785514,0.11136337,0.0139785055,0.975,0.0139785055,0.07079603
0.022798473,0.9175,0.022798473,0.09625472,0.014112833,0.9,0.014112833,0.08146474
0.02290168,0.9325,0.02290168,0.09649916,0.014494839,0.94,0.014494839,0.08881064
0.023287298,0.93875,0.023287298,0.09073199,0.027415134,0.935,0.027415134,0.0961583
0.02102879,0.94625,0.02102879,0.09241363,0.007518542,0.965,0.007518542,0.061021324
0.018075528,0.945,0.018075528,0.08581284,0.013774787,0.96,0.013774787,0.07142776
0.02024969,0.935,0.02024969,0.089541696,0.01151606,0.965,0.01151606,0.07681083
0.017856315,0.9475,0.017856315,0.08403641,0.008740624,0.97,0.008740624,0.060644656
0.018318009,0.9475,0.018318009,0.0848592,0.019476335,0.925,0.019476335,0.09542718
0.022904973,0.93625,0.022904973,0.09125702,0.02236293,0.935,0.02236293,0.09649823
0.021276874,0.94375,0.021276874,0.0936644,0.013987676,0.955,0.013987676,0.0864611
0.018614113,0.94125,0.018614113,0.0879164,0.013592482,0.965,0.013592482,0.07246753
0.022965739,0.93875,0.022965739,0.09233169,0.0065779774,0.975,0.0065779774,0.05790486
0.023998287,0.9475,0.023998287,0.09265771,0.022018695,0.95,0.022018695,0.082790986
0.020423036,0.9375,0.020423036,0.09487236,0.014169762,0.965,0.014169762,0.07445136
0.017434187,0.945,0.017434187,0.08623558,0.015279155,0.94,0.015279155,0.08304554
0.020849869,0.9425,0.020849869,0.088650726,0.022250948,0.94,0.022250948,0.07883844
0.023606682,0.93875,0.023606682,0.09569261,0.016247684,0.98,0.016247684,0.09169758
0.01833878,0.945,0.01833878,0.09221885,0.010050352,0.97,0.010050352,0.06721733
0.0189906,0.94125,0.0189906,0.08756665,0.011560267,0.96,0.011560267,0.07053633
0.01957132,0.955,0.01957132,0.089786336,0.01628284,0.945,0.01628284,0.08986391
0.025699534,0.92375,0.025699534,0.10350397,0.02408767,0.95,0.02408767,0.091148995
0.022553211,0.945,0.022553211,0.09715138,0.011424225,0.97,0.011424225,0.08128725
0.018840546,0.9475,0.018840546,0.08415189,0.008205803,0.96,0.008205803,0.065135926
0.024646195,0.95,0.024646195,0.09532285,0.03526741,0.945,0.03526741,0.09219661
0.038826086,0.93,0.038826086,0.11378427,0.028000724,0.945,0.028000724,0.100319006
0.026784793,0.94625,0.026784793,0.104900695,0.017286565,0.945,0.017286565,0.087977275
0.024282882,0.94,0.024282882,0.099989265,0.015849685,0.925,0.015849685,0.08939579
0.019307876,0.945,0.019307876,0.08712778,0.008846838,0.965,0.008846838,0.063852504
0.018947974,0.93125,0.018947974,0.08688655,0.009253508,0.97,0.009253508,0.068394445
0.019687794,0.9375,0.019687794,0.08954743,0.01482992,0.96,0.01482992,0.07396421
0.020793177,0.94625,0.020793177,0.09065309,0.023175957,0.965,0.023175957,0.08308175
0.02089644,0.945,0.02089644,0.09271929,0.007196908,0.975,0.007196908,0.05866393
0.01874353,0.95375,0.01874353,0.08789463,0.011960263,0.97,0.011960263,0.06308727
0.0185669,0.94125,0.0185669,0.0852111,0.008215849,0.97,0.008215849,0.06707532
0.020623192,0.93125,0.020623192,0.09052709,0.014876566,0.94,0.014876566,0.08710779
0.020882621,0.9475,0.020882621,0.08673633,0.011631347,0.95,0.011631347,0.072040975
0.021605628,0.94,0.021605628,0.08549734,0.013434163,0.93,0.013434163,0.08981656
0.019283667,0.93875,0.019283667,0.08973797,0.011112272,0.97,0.011112272,0.07565741
0.021501543,0.9375,0.021501543,0.09009808,0.009786103,0.98,0.009786103,0.06346664
0.016528938,0.95,0.016528938,0.08715743,0.011320547,0.975,0.011320547,0.07951754
0.02002053,0.94125,0.02002053,0.09254431,0.009522014,0.96,0.009522014,0.06756974
0.016819643,0.9525,0.016819643,0.08717091,0.008347495,0.975,0.008347495,0.061559156
0.019463796,0.94375,0.019463796,0.08701537,0.012413405,0.945,0.012413405,0.07581073
0.017943513,0.9525,0.017943513,0.08217716,0.009619269,0.96,0.009619269,0.067355834
0.01592231,0.96,0.01592231,0.0772943,0.010467711,0.965,0.010467711,0.07426104
0.01626656,0.95375,0.01626656,0.07863783,0.014803803,0.96,0.014803803,0.086259626
0.017582113,0.93875,0.017582113,0.082080886,0.011679936,0.97,0.011679936,0.07701253
0.01311807,0.9375,0.01311807,0.07601721,0.00934523,0.95,0.00934523,0.070907705
0.019948225,0.94125,0.019948225,0.08722678,0.01264578,0.945,0.01264578,0.07633779
0.022792578,0.94125,0.022792578,0.091446295,0.023426147,0.965,0.023426147,0.07591041
0.020750504,0.9425,0.020750504,0.09218693,0.012627509,0.955,0.012627509,0.06432304
0.019123603,0.9375,0.019123603,0.090655595,0.008325177,0.96,0.008325177,0.0652807
0.018285418,0.95125,0.018285418,0.08409568,0.008390924,0.975,0.008390924,0.054531474
0.018485289,0.9475,0.018485289,0.08457534,0.009681221,0.975,0.009681221,0.073303126
0.0184834,0.95125,0.0184834,0.08178296,0.012576551,0.97,0.012576551,0.06914899
0.02033413,0.9375,0.02033413,0.08632361,0.018992342,0.955,0.018992342,0.08990715
0.015803602,0.96,0.015803602,0.08356747,0.012757963,0.955,0.012757963,0.086699076
0.023508389,0.94125,0.023508389,0.08946124,0.012537325,0.965,0.012537325,0.06892709
0.016959326,0.94,0.016959326,0.084609404,0.012483379,0.94,0.012483379,0.077090636
0.017871473,0.955,0.017871473,0.082881,0.009253739,0.975,0.009253739,0.07055287
0.019187558,0.94,0.019187558,0.0856935,0.013905013,0.98,0.013905013,0.061923794
0.016643018,0.94625,0.016643018,0.08069458,0.015273993,0.915,0.015273993,0.08894992
0.018526739,0.945,0.018526739,0.08634969,0.010225164,0.965,0.010225164,0.069737144
0.017581152,0.93375,0.017581152,0.082369804,0.026881618,0.95,0.026881618,0.08576138
0.01938834,0.95375,0.01938834,0.08539364,0.008192125,0.975,0.008192125,0.061594214
0.018021347,0.94375,0.018021347,0.08601329,0.009342964,0.965,0.009342964,0.06581447
0.016788863,0.96125,0.016788863,0.08118986,0.0080582835,0.965,0.0080582835,0.057811804
0.014112175,0.955,0.014112175,0.07795374,0.011898203,0.96,0.011898203,0.07724093
0.013282123,0.94875,0.013282123,0.07525086,0.012707677,0.925,0.012707677,0.07859566
0.017192757,0.94375,0.017192757,0.0802322,0.0074799852,0.955,0.0074799852,0.06261341
0.019036537,0.9525,0.019036537,0.08465335,0.012005725,0.93,0.012005725,0.07459971
0.019012982,0.94,0.019012982,0.09061059,0.019551428,0.97,0.019551428,0.10026112
0.018738935,0.93875,0.018738935,0.087448634,0.014857989,0.965,0.014857989,0.08578287
0.018716916,0.9375,0.018716916,0.08720639,0.008017163,0.96,0.008017163,0.06105677
0.017249739,0.94,0.017249739,0.08328641,0.011727758,0.93,0.011727758,0.08265622
0.016871,0.9475,0.016871,0.08140562,0.013768579,0.97,0.013768579,0.080187894
0.021943577,0.95125,0.021943577,0.08505978,0.010106861,0.97,0.010106861,0.07116307
0.022452524,0.9475,0.022452524,0.090917446,0.02243709,0.96,0.02243709,0.0971676
0.023195583,0.93625,0.023195583,0.09668868,0.017808368,0.92,0.017808368,0.080491066
0.02378548,0.93625,0.02378548,0.09265923,0.0096471915,0.97,0.0096471915,0.06883444
0.020306775,0.94,0.020306775,0.0901134,0.013964691,0.955,0.013964691,0.076753356
0.018773707,0.95125,0.018773707,0.085130244,0.01676145,0.93,0.01676145,0.08651455
0.017242284,0.9525,0.017242284,0.08253893,0.014583274,0.945,0.014583274,0.08383501
0.018807692,0.935,0.018807692,0.08348485,0.015608324,0.94,0.015608324,0.08887492
0.023851085,0.94375,0.023851085,0.08718791,0.008075217,0.975,0.008075217,0.06465914
0.019195206,0.93625,0.019195206,0.08589989,0.033727687,0.965,0.033727687,0.10239948
0.01814329,0.95375,0.01814329,0.08586626,0.013102122,0.97,0.013102122,0.07494445
0.0167452,0.9475,0.0167452,0.084215984,0.0059642624,0.98,0.0059642624,0.05460974
0.017921329,0.94375,0.017921329,0.08425879,0.023511607,0.96,0.023511607,0.07871049
0.020865398,0.94625,0.020865398,0.087603495,0.007501508,0.97,0.007501508,0.06481209
0.01623813,0.94625,0.01623813,0.08323145,0.013868616,0.975,0.013868616,0.068864934
0.016647078,0.95375,0.016647078,0.08591389,0.013106647,0.94,0.013106647,0.08541706
0.018959839,0.935,0.018959839,0.08692446,0.012296353,0.925,0.012296353,0.07749656
0.015080438,0.9525,0.015080438,0.079341464,0.015352335,0.975,0.015352335,0.07558965
0.014887813,0.94375,0.014887813,0.07779783,0.013265444,0.96,0.013265444,0.070335
0.023611365,0.94125,0.023611365,0.08674364,0.013349426,0.92,0.013349426,0.08424913
0.021320961,0.94,0.021320961,0.09192773,0.006621511,0.975,0.006621511,0.053803857
0.015141202,0.96125,0.015141202,0.08075176,0.012382958,0.95,0.012382958,0.07517215
0.020107621,0.94,0.020107621,0.0857092,0.01444146,0.91,0.01444146,0.080253676
0.017550765,0.94625,0.017550765,0.08512083,0.018069346,0.95,0.018069346,0.086375706
0.013926469,0.94,0.013926469,0.076821744,0.014714533,0.905,0.014714533,0.09513276
0.015881915,0.935,0.015881915,0.08103398,0.007158261,0.975,0.007158261,0.06257533
0.016891683,0.94375,0.016891683,0.08380438,0.009511709,0.965,0.009511709,0.063941866
0.014873142,0.96,0.014873142,0.07804762,0.0100841345,0.97,0.0100841345,0.072641924
0.014456667,0.95375,0.014456667,0.076514825,0.013619887,0.97,0.013619887,0.08419368
0.029300384,0.91625,0.029300384,0.0941474,0.017191691,0.935,0.017191691,0.0886791
0.016015481,0.945,0.016015481,0.08946145,0.01495231,0.975,0.01495231,0.071094185
0.017102448,0.9425,0.017102448,0.08369546,0.025197916,0.955,0.025197916,0.08879092
0.019205803,0.9425,0.019205803,0.08546055,0.011329723,0.95,0.011329723,0.07317104
0.021188986,0.935,0.021188986,0.08624697,0.027633524,0.96,0.027633524,0.089399174
0.02708844,0.9425,0.02708844,0.09003635,0.014252521,0.95,0.014252521,0.08676931
0.026016496,0.92375,0.026016496,0.10756687,0.042995404,0.93,0.042995404,0.1270207
0.022343323,0.94375,0.022343323,0.092888564,0.015101846,0.975,0.015101846,0.0821347
0.020653222,0.9375,0.020653222,0.09380166,0.016498081,0.96,0.016498081,0.078535914
0.025915453,0.935,0.025915453,0.097202055,0.017251626,0.935,0.017251626,0.076455764
0.026027257,0.93875,0.026027257,0.09635024,0.010747577,0.975,0.010747577,0.07178491
0.021127574,0.93125,0.021127574,0.09204668,0.015021562,0.95,0.015021562,0.086509675
0.01762589,0.9475,0.01762589,0.08665848,0.009642092,0.965,0.009642092,0.07080423
0.018245583,0.93875,0.018245583,0.08509504,0.014917794,0.975,0.014917794,0.075478666
0.01712045,0.9525,0.01712045,0.08471396,0.006589908,0.98,0.006589908,0.055300366
0.020296354,0.93625,0.020296354,0.085445054,0.012760792,0.95,0.012760792,0.08518928
0.016533513,0.94,0.016533513,0.08486094,0.012009764,0.975,0.012009764,0.07614993
0.016617518,0.94625,0.016617518,0.07767569,0.024034508,0.955,0.024034508,0.07753049
0.019413726,0.95125,0.019413726,0.08432321,0.013346807,0.955,0.013346807,0.080600455
0.015684946,0.9575,0.015684946,0.07982656,0.023435917,0.96,0.023435917,0.09486974
0.01877962,0.94375,0.01877962,0.087501146,0.018381985,0.94,0.018381985,0.10605693
0.023806026,0.94125,0.023806026,0.104391634,0.02822034,0.955,0.02822034,0.098228306
0.023622412,0.93625,0.023622412,0.098894656,0.016680311,0.955,0.016680311,0.082232244
0.020092716,0.9375,0.020092716,0.093624175,0.022255415,0.97,0.022255415,0.088002846
0.018202763,0.94625,0.018202763,0.09043939,0.015391881,0.96,0.015391881,0.08584442
0.017206317,0.94625,0.017206317,0.08729529,0.016062226,0.96,0.016062226,0.08147427
0.019143298,0.94375,0.019143298,0.08689685,0.030880291,0.94,0.030880291,0.105672576
0.018295785,0.94375,0.018295785,0.086444445,0.03251884,0.95,0.03251884,0.09261236
0.023388192,0.9475,0.023388192,0.08803122,0.011211101,0.95,0.011211101,0.078949235
0.017699583,0.95125,0.017699583,0.080438465,0.023177257,0.97,0.023177257,0.0741144
0.024832854,0.93625,0.024832854,0.09663017,0.031169076,0.92,0.031169076,0.10549754
0.023290865,0.935,0.023290865,0.09864385,0.016274584,0.945,0.016274584,0.078873485
0.019497946,0.9325,0.019497946,0.08748941,0.008522761,0.96,0.008522761,0.064069845
0.018741818,0.93875,0.018741818,0.08725378,0.009362842,0.975,0.009362842,0.060841624
0.01797477,0.94125,0.01797477,0.08472759,0.015335194,0.97,0.015335194,0.07558212
0.01621943,0.95625,0.01621943,0.08228614,0.00808945,0.96,0.00808945,0.06600061
0.020820456,0.94875,0.020820456,0.08963041,0.016738942,0.965,0.016738942,0.08044424
0.016547477,0.95125,0.016547477,0.083233126,0.015074423,0.965,0.015074423,0.07968196
0.016297154,0.95625,0.016297154,0.07984813,0.0082057,0.97,0.0082057,0.06365844
0.016829027,0.945,0.016829027,0.080183804,0.008263793,0.97,0.008263793,0.05814742
0.016427992,0.9525,0.016427992,0.07907671,0.009611484,0.975,0.009611484,0.068908885
0.016005365,0.94625,0.016005365,0.07729177,0.010788934,0.97,0.010788934,0.07026303
0.015385615,0.9375,0.015385615,0.078763396,0.009956833,0.97,0.009956833,0.06544168
0.015545014,0.94625,0.015545014,0.08022836,0.013077221,0.96,0.013077221,0.07599419
0.016833687,0.94375,0.016833687,0.08139838,0.016635453,0.915,0.016635453,0.08443506
0.016468413,0.945,0.016468413,0.08208743,0.012402104,0.925,0.012402104,0.08196935
0.019338189,0.9475,0.019338189,0.08233766,0.010383722,0.96,0.010383722,0.07688919
0.019937612,0.94625,0.019937612,0.08312943,0.02125048,0.95,0.02125048,0.07930947
0.019030739,0.9625,0.019030739,0.0803927,0.01491045,0.965,0.01491045,0.07299729
0.018977486,0.95625,0.018977486,0.082185805,0.014217944,0.95,0.014217944,0.07294625
0.0160309,0.945,0.0160309,0.080725625,0.008109642,0.955,0.008109642,0.06524417
0.014535547,0.96375,0.014535547,0.08047102,0.014646635,0.955,0.014646635,0.080784075
0.018469177,0.95875,0.018469177,0.08603444,0.021593433,0.98,0.021593433,0.08974594
0.01814748,0.955,0.01814748,0.08664728,0.012221661,0.965,0.012221661,0.08612783
0.019420033,0.9475,0.019420033,0.09049392,0.016247535,0.97,0.016247535,0.061700873
0.016651006,0.95375,0.016651006,0.088264056,0.007974545,0.965,0.007974545,0.06972301
0.019952256,0.9525,0.019952256,0.08736828,0.030509423,0.94,0.030509423,0.09693906
0.02082989,0.94125,0.02082989,0.09090863,0.013653703,0.975,0.013653703,0.06783973
0.016580235,0.94,0.016580235,0.08224069,0.0102523295,0.955,0.0102523295,0.075118914
0.015889494,0.9525,0.015889494,0.078827284,0.021630807,0.955,0.021630807,0.08780709
0.020392071,0.95,0.020392071,0.08474336,0.011112625,0.96,0.011112625,0.07214466
0.017027482,0.9525,0.017027482,0.07873575,0.007555032,0.97,0.007555032,0.06430178
0.017380357,0.9475,0.017380357,0.085522145,0.007926951,0.96,0.007926951,0.061199922
0.01615562,0.96625,0.01615562,0.07918121,0.011572517,0.96,0.011572517,0.07645288
0.014567815,0.955,0.014567815,0.078363545,0.011450873,0.965,0.011450873,0.07598174
0.016805153,0.94125,0.016805153,0.08210517,0.012388835,0.96,0.012388835,0.07355145
0.015881632,0.955,0.015881632,0.079097904,0.021918368,0.915,0.021918368,0.09016609
0.02901008,0.94875,0.02901008,0.09431223,0.021062326,0.915,0.021062326,0.09348934
0.018074227,0.94,0.018074227,0.08636526,0.009262161,0.945,0.009262161,0.07083073
0.01896058,0.955,0.01896058,0.08539881,0.019822847,0.975,0.019822847,0.08960124
0.016494663,0.94625,0.016494663,0.08223042,0.00978646,0.98,0.00978646,0.06755763
0.010433166,0.96125,0.010433166,0.06889013,0.00858106,0.945,0.00858106,0.06272219
0.013119818,0.94875,0.013119818,0.073871,0.010122554,0.96,0.010122554,0.07242205
0.014367546,0.95,0.014367546,0.073416136,0.008644554,0.95,0.008644554,0.062170047
0.015245587,0.9375,0.015245587,0.07690596,0.012808115,0.97,0.012808115,0.082990855
0.012950539,0.955,0.012950539,0.07476535,0.00821744,0.965,0.00821744,0.06595933
0.014488274,0.9525,0.014488274,0.07409539,0.01744281,0.95,0.01744281,0.085282475
0.015125018,0.95625,0.015125018,0.0797703,0.013325734,0.935,0.013325734,0.084236085
0.01646661,0.94,0.01646661,0.07620061,0.022544118,0.935,0.022544118,0.092885524
0.017117327,0.9525,0.017117327,0.082762785,0.010853166,0.97,0.010853166,0.07667264
0.01626172,0.9475,0.01626172,0.080742024,0.007283087,0.97,0.007283087,0.06404376
0.013770529,0.95375,0.013770529,0.07891902,0.009630602,0.975,0.009630602,0.06143405
0.017134294,0.9575,0.017134294,0.07878021,0.016856646,0.975,0.016856646,0.070915945
0.01579522,0.9425,0.01579522,0.07731193,0.0073590917,0.975,0.0073590917,0.057577852
0.01935066,0.95875,0.01935066,0.08438178,0.008591399,0.985,0.008591399,0.06785658
0.018068325,0.95,0.018068325,0.08691291,0.009378554,0.97,0.009378554,0.0701751
0.017760139,0.95,0.017760139,0.08432299,0.020776289,0.95,0.020776289,0.083269015
0.013339742,0.95375,0.013339742,0.07444478,0.010386324,0.955,0.010386324,0.07412733
0.018901683,0.955,0.018901683,0.08899517,0.011688974,0.97,0.011688974,0.077354714
0.016328253,0.9425,0.016328253,0.0830995,0.009024323,0.975,0.009024323,0.070676506
0.01794372,0.95,0.01794372,0.08159711,0.012401516,0.975,0.012401516,0.07340699
0.013819307,0.96375,0.013819307,0.078425,0.015210436,0.96,0.015210436,0.07077881
0.01602353,0.9475,0.01602353,0.076550685,0.010874817,0.965,0.010874817,0.055364653
0.019100582,0.9475,0.019100582,0.08026992,0.011238055,0.955,0.011238055,0.07912892
0.025438404,0.9525,0.025438404,0.09076233,0.013433414,0.94,0.013433414,0.08844781
0.016694594,0.95875,0.016694594,0.080327585,0.0115412185,0.965,0.0115412185,0.07788604
0.017232738,0.94625,0.017232738,0.07802956,0.013777145,0.95,0.013777145,0.07100813
0.013583216,0.9525,0.013583216,0.073198155,0.008247553,0.97,0.008247553,0.06437498
0.01293222,0.94875,0.01293222,0.07593587,0.007970478,0.97,0.007970478,0.06474448
0.015960425,0.94,0.015960425,0.083513595,0.017550273,0.975,0.017550273,0.07646556
0.020084813,0.94375,0.020084813,0.0859848,0.009746271,0.955,0.009746271,0.07120326
0.018307846,0.9525,0.018307846,0.08645644,0.020995283,0.95,0.020995283,0.085124105
0.0137280775,0.95125,0.0137280775,0.07566407,0.0086566,0.975,0.0086566,0.062030178
0.017766641,0.94625,0.017766641,0.08173285,0.01401487,0.93,0.01401487,0.07139808
0.0140369395,0.94,0.0140369395,0.077086486,0.006690867,0.975,0.006690867,0.059727225
0.018423246,0.94,0.018423246,0.08432503,0.015958661,0.975,0.015958661,0.06685439
0.0171143,0.93875,0.0171143,0.078916505,0.011741405,0.97,0.011741405,0.07296542
0.014192537,0.9625,0.014192537,0.07614366,0.032440346,0.955,0.032440346,0.10500926
0.019712906,0.9525,0.019712906,0.08567992,0.014129991,0.945,0.014129991,0.090681136
0.017476307,0.9575,0.017476307,0.08441723,0.021560848,0.96,0.021560848,0.08601268
0.021419715,0.945,0.021419715,0.09124673,0.018558364,0.955,0.018558364,0.09287925
0.021776019,0.945,0.021776019,0.0882859,0.016699413,0.945,0.016699413,0.08856967
0.01811795,0.945,0.01811795,0.082259595,0.012598542,0.955,0.012598542,0.07604887
0.01680528,0.955,0.01680528,0.0834923,0.014432225,0.975,0.014432225,0.07855514
0.016729543,0.9575,0.016729543,0.08579214,0.020651335,0.905,0.020651335,0.102844894
0.017901711,0.93875,0.017901711,0.083820514,0.012255112,0.915,0.012255112,0.08270079
0.012952346,0.95125,0.012952346,0.073412515,0.015024994,0.955,0.015024994,0.09320289
0.011861504,0.9575,0.011861504,0.0715985,0.0171365,0.94,0.0171365,0.07744623
0.015414048,0.95375,0.015414048,0.0748496,0.012637902,0.96,0.012637902,0.065937884
0.015073346,0.945,0.015073346,0.07455987,0.008486438,0.94,0.008486438,0.06399388
0.017675692,0.94875,0.017675692,0.08144054,0.013379509,0.945,0.013379509,0.08448396
0.0136105595,0.95125,0.0136105595,0.07742118,0.010145488,0.96,0.010145488,0.073686674
0.014542538,0.93875,0.014542538,0.077807754,0.0072742794,0.975,0.0072742794,0.056789234
0.014457549,0.94375,0.014457549,0.076996624,0.0093089435,0.97,0.0093089435,0.070714325
0.013571658,0.955,0.013571658,0.0775719,0.01896803,0.92,0.01896803,0.099435434
0.0142083,0.94625,0.0142083,0.07905773,0.021662557,0.92,0.021662557,0.09714547
0.013659757,0.9425,0.013659757,0.07446065,0.009790613,0.935,0.009790613,0.07420455
0.016790621,0.9425,0.016790621,0.0761461,0.008052012,0.965,0.008052012,0.06456999
0.013875202,0.94625,0.013875202,0.07618818,0.007801271,0.975,0.007801271,0.061817456
0.011608981,0.95125,0.011608981,0.07329348,0.009809565,0.955,0.009809565,0.07315057
0.016660238,0.96375,0.016660238,0.08222828,0.012665231,0.93,0.012665231,0.08067343
0.018148726,0.9525,0.018148726,0.08035528,0.008222589,0.94,0.008222589,0.06649849
0.016392296,0.935,0.016392296,0.08007346,0.008266959,0.95,0.008266959,0.05801371
0.01553383,0.94625,0.01553383,0.076851875,0.0178933,0.97,0.0178933,0.072666705
0.01632287,0.94125,0.01632287,0.08125979,0.013495743,0.94,0.013495743,0.077658996
0.012441302,0.95125,0.012441302,0.07089211,0.0073623103,0.965,0.0073623103,0.059273247
0.015530049,0.94875,0.015530049,0.07602203,0.009115594,0.96,0.009115594,0.065637715
0.019249607,0.9425,0.019249607,0.083580635,0.0130972145,0.96,0.0130972145,0.070070304
0.01694817,0.94875,0.01694817,0.08221238,0.020436056,0.925,0.020436056,0.0969026
0.015437338,0.96,0.015437338,0.07579929,0.018034872,0.975,0.018034872,0.07767697
0.013258572,0.95125,0.013258572,0.07620733,0.00956794,0.97,0.00956794,0.0693818
0.016334662,0.945,0.016334662,0.079931095,0.008535687,0.975,0.008535687,0.06719772
0.01545336,0.94375,0.01545336,0.07974717,0.020553451,0.96,0.020553451,0.075201325
0.018316155,0.9525,0.018316155,0.08069966,0.012471501,0.905,0.012471501,0.081431866
0.015304094,0.9375,0.015304094,0.079937436,0.01864445,0.965,0.01864445,0.08641787
0.017647814,0.93125,0.017647814,0.08115349,0.019496463,0.95,0.019496463,0.094770186
0.018893614,0.95,0.018893614,0.083316155,0.023180304,0.895,0.023180304,0.095763795
0.015586126,0.9425,0.015586126,0.083106495,0.010528842,0.96,0.010528842,0.07166114
0.0126949595,0.95625,0.0126949595,0.07600242,0.00816507,0.94,0.00816507,0.06505505
0.014261259,0.94875,0.014261259,0.07429324,0.0068082176,0.955,0.0068082176,0.060271125
0.012302046,0.95375,0.012302046,0.07230477,0.013555351,0.975,0.013555351,0.076322585
0.01305039,0.9625,0.01305039,0.07392157,0.010887587,0.97,0.010887587,0.07102501
0.011801348,0.96,0.011801348,0.070444085,0.015267322,0.945,0.015267322,0.07592443
0.017468799,0.94625,0.017468799,0.074031904,0.010786792,0.96,0.010786792,0.07592103
0.014407285,0.95,0.014407285,0.07559765,0.013744504,0.95,0.013744504,0.08258816
0.02126009,0.94625,0.02126009,0.08981218,0.01247574,0.965,0.01247574,0.076271504
0.016323905,0.94875,0.016323905,0.08279592,0.019451277,0.935,0.019451277,0.09081787
0.018547323,0.95125,0.018547323,0.08477929,0.016997384,0.925,0.016997384,0.08884287
0.016647046,0.9525,0.016647046,0.08118683,0.0111974515,0.94,0.0111974515,0.07427484
0.017439896,0.95125,0.017439896,0.07840011,0.013480354,0.93,0.013480354,0.08293893
0.014171413,0.965,0.014171413,0.07454219,0.012293433,0.965,0.012293433,0.079294875
0.01374148,0.94875,0.01374148,0.07666587,0.010953133,0.97,0.010953133,0.07897185
0.01926509,0.93875,0.01926509,0.08585599,0.016021023,0.955,0.016021023,0.08023739
0.020364273,0.95125,0.020364273,0.08522102,0.017546304,0.94,0.017546304,0.08318663
0.022872832,0.9375,0.022872832,0.084063075,0.02898419,0.97,0.02898419,0.101370804
0.013057675,0.95375,0.013057675,0.07841511,0.011470902,0.97,0.011470902,0.07601422
0.016239084,0.9425,0.016239084,0.08377044,0.011058944,0.955,0.011058944,0.07530497
0.017175065,0.9425,0.017175065,0.08496117,0.022376675,0.955,0.022376675,0.09067441
0.018814944,0.9375,0.018814944,0.08721655,0.0144973565,0.97,0.0144973565,0.07408339
0.014987521,0.9525,0.014987521,0.08143572,0.012302287,0.96,0.012302287,0.07034566
0.013282727,0.95,0.013282727,0.076241925,0.01047362,0.965,0.01047362,0.06968758
0.013560513,0.9525,0.013560513,0.07524387,0.017893195,0.915,0.017893195,0.095698364
0.01399552,0.9425,0.01399552,0.078110985,0.015947826,0.945,0.015947826,0.0835821
0.013187808,0.9575,0.013187808,0.07198477,0.012235794,0.96,0.012235794,0.07387499
0.013033464,0.9525,0.013033464,0.07199628,0.016511137,0.97,0.016511137,0.08289242
0.017247451,0.94125,0.017247451,0.081055306,0.018042,0.96,0.018042,0.08077734
0.013090628,0.95375,0.013090628,0.076234624,0.010215562,0.96,0.010215562,0.07357661
0.012527569,0.95375,0.012527569,0.0730485,0.010503089,0.965,0.010503089,0.07387761
0.011250201,0.95875,0.011250201,0.06820958,0.0089358045,0.98,0.0089358045,0.06402241
0.012675446,0.95125,0.012675446,0.07148681,0.008418649,0.965,0.008418649,0.058353413
0.02648031,0.93875,0.02648031,0.09558615,0.02093512,0.96,0.02093512,0.09150141
0.021922825,0.94,0.021922825,0.09967471,0.017464368,0.93,0.017464368,0.08599999
0.014602718,0.9475,0.014602718,0.08267708,0.014715718,0.955,0.014715718,0.08606496
0.016037771,0.95,0.016037771,0.08167359,0.010836261,0.96,0.010836261,0.068441704
0.020141127,0.9475,0.020141127,0.085877664,0.015242449,0.96,0.015242449,0.081962824
0.019948699,0.9475,0.019948699,0.086919196,0.016177153,0.935,0.016177153,0.081542164
0.016325306,0.94875,0.016325306,0.080237664,0.011496062,0.975,0.011496062,0.06159775
0.015498009,0.9525,0.015498009,0.07672241,0.0076527596,0.96,0.0076527596,0.063985884
0.014171419,0.94375,0.014171419,0.07860346,0.008860616,0.96,0.008860616,0.066392265
0.014100531,0.94,0.014100531,0.07655984,0.01043181,0.945,0.01043181,0.07602314
0.0127880145,0.95875,0.0127880145,0.0717161,0.013218725,0.92,0.013218725,0.08380482
0.011987894,0.95875,0.011987894,0.073496416,0.011849842,0.955,0.011849842,0.07490815
0.013976747,0.95125,0.013976747,0.075218864,0.009711638,0.955,0.009711638,0.069187716
0.013220177,0.945,0.013220177,0.07419029,0.015626967,0.92,0.015626967,0.08425068
0.013585315,0.95125,0.013585315,0.0751212,0.008598433,0.97,0.008598433,0.06657477
0.012545497,0.95625,0.012545497,0.07104849,0.013188209,0.97,0.013188209,0.07115869
0.013412305,0.9475,0.013412305,0.07363988,0.008724786,0.96,0.008724786,0.06422658
0.014708262,0.96,0.014708262,0.07542195,0.008871365,0.97,0.008871365,0.069900066
0.017271189,0.96,0.017271189,0.07858611,0.0077375784,0.965,0.0077375784,0.06276301
0.01515059,0.94875,0.01515059,0.07660865,0.012245972,0.945,0.012245972,0.079685755
0.015839383,0.9625,0.015839383,0.07617157,0.009067738,0.96,0.009067738,0.06892571
0.014372192,0.95125,0.014372192,0.078687906,0.012586879,0.93,0.012586879,0.0786345
0.014341406,0.95375,0.014341406,0.07614128,0.013218811,0.96,0.013218811,0.077737235
0.0140339015,0.9475,0.0140339015,0.07392018,0.012143315,0.955,0.012143315,0.0777995
0.01709063,0.95125,0.01709063,0.078861214,0.0081078345,0.975,0.0081078345,0.06303173
0.013418674,0.95625,0.013418674,0.074165866,0.025309134,0.96,0.025309134,0.075058654
0.017195202,0.955,0.017195202,0.08111796,0.018425778,0.945,0.018425778,0.08647446
0.01810972,0.9425,0.01810972,0.08117842,0.022188507,0.955,0.022188507,0.085004784
0.018204281,0.94,0.018204281,0.080248736,0.01327125,0.96,0.01327125,0.07887352
0.01329327,0.94625,0.01329327,0.07460516,0.013931142,0.965,0.013931142,0.08133983
0.014317009,0.94875,0.014317009,0.07578929,0.009289611,0.97,0.009289611,0.06860372
0.017151076,0.9475,0.017151076,0.07636061,0.007769782,0.965,0.007769782,0.060341798
0.015339848,0.95375,0.015339848,0.07562312,0.0103910025,0.955,0.0103910025,0.069898665
0.013928156,0.95625,0.013928156,0.07484161,0.013052697,0.96,0.013052697,0.07251863
0.016576737,0.955,0.016576737,0.085436575,0.010731027,0.97,0.010731027,0.070745766
0.012821419,0.9425,0.012821419,0.07693949,0.013596448,0.98,0.013596448,0.07285275
0.013835121,0.94875,0.013835121,0.07819558,0.01093475,0.965,0.01093475,0.062417556
0.0146156335,0.95,0.0146156335,0.07666864,0.010115933,0.955,0.010115933,0.07139464
0.012489177,0.95125,0.012489177,0.07227652,0.009714749,0.955,0.009714749,0.07865687
0.011900704,0.9525,0.011900704,0.073625915,0.0077608507,0.955,0.0077608507,0.0657673
0.013822065,0.96125,0.013822065,0.0712614,0.008805253,0.97,0.008805253,0.06859307
0.013936606,0.95125,0.013936606,0.07327614,0.0074332575,0.955,0.0074332575,0.06256741
0.015697971,0.955,0.015697971,0.0743574,0.02237577,0.92,0.02237577,0.08668184
0.016379422,0.94625,0.016379422,0.07563471,0.021446481,0.935,0.021446481,0.09121291
0.01465905,0.95875,0.01465905,0.07363638,0.010816479,0.935,0.010816479,0.074837156
0.018829606,0.94375,0.018829606,0.08247832,0.017244888,0.96,0.017244888,0.07826215
0.019344902,0.95125,0.019344902,0.08415725,0.009702465,0.96,0.009702465,0.07056048
0.021966008,0.94125,0.021966008,0.08927462,0.010821946,0.955,0.010821946,0.07625526
0.020804364,0.94125,0.020804364,0.089085445,0.01843001,0.96,0.01843001,0.09246717
0.035284337,0.9325,0.035284337,0.107351325,0.014583315,0.95,0.014583315,0.08503126
0.026223464,0.92875,0.026223464,0.10132846,0.015298927,0.97,0.015298927,0.08547035
0.023410523,0.93875,0.023410523,0.09204902,0.016868427,0.955,0.016868427,0.083216555
0.019086335,0.95625,0.019086335,0.08798268,0.017779669,0.925,0.017779669,0.10630604
0.017378176,0.94,0.017378176,0.0842681,0.012458414,0.945,0.012458414,0.07805202
0.014603443,0.94875,0.014603443,0.078281805,0.009536188,0.96,0.009536188,0.06637058
0.013430465,0.95,0.013430465,0.07632137,0.009049512,0.95,0.009049512,0.0707871
0.017146716,0.9525,0.017146716,0.07817296,0.016885076,0.965,0.016885076,0.08198203
0.016007027,0.945,0.016007027,0.08106494,0.011991962,0.96,0.011991962,0.0767542
0.016287418,0.94125,0.016287418,0.08144231,0.024068272,0.95,0.024068272,0.09071895
0.01739239,0.94875,0.01739239,0.083990306,0.029953744,0.925,0.029953744,0.09614195
0.014092505,0.9625,0.014092505,0.07685823,0.012066167,0.945,0.012066167,0.087687016
0.019363709,0.96,0.019363709,0.084820405,0.01808255,0.955,0.01808255,0.07701514
0.01930079,0.94,0.01930079,0.07987906,0.01274615,0.96,0.01274615,0.08901142
0.015670486,0.9475,0.015670486,0.078803204,0.01794811,0.955,0.01794811,0.08833201
0.015702438,0.96375,0.015702438,0.079918586,0.014159649,0.945,0.014159649,0.075818054
0.018240375,0.96,0.018240375,0.08074267,0.010757303,0.96,0.010757303,0.071768425
0.015384922,0.9475,0.015384922,0.07959186,0.012406034,0.935,0.012406034,0.080819026
0.013745273,0.9575,0.013745273,0.07268782,0.014150709,0.935,0.014150709,0.0917602
0.011426572,0.95375,0.011426572,0.0712555,0.015290923,0.945,0.015290923,0.09030421
0.010894205,0.955,0.010894205,0.070614986,0.0069840057,0.98,0.0069840057,0.05631772
0.012524495,0.96,0.012524495,0.07206645,0.0066134827,0.975,0.0066134827,0.059226617
0.012057039,0.94875,0.012057039,0.07123931,0.007316991,0.97,0.007316991,0.059502658
0.014925117,0.9625,0.014925117,0.07675995,0.014085294,0.965,0.014085294,0.07064493
0.018842384,0.9525,0.018842384,0.0822486,0.014214263,0.98,0.014214263,0.07298313
0.01581085,0.955,0.01581085,0.080897674,0.014464174,0.95,0.014464174,0.076091446
0.0164835,0.95,0.0164835,0.07848553,0.019968696,0.94,0.019968696,0.0745449
0.017690929,0.9525,0.017690929,0.08265219,0.014433544,0.965,0.014433544,0.07944147
0.015196129,0.95,0.015196129,0.0809166,0.013680962,0.97,0.013680962,0.07112306
0.016008094,0.9475,0.016008094,0.08083913,0.010912394,0.945,0.010912394,0.074051015
0.016713537,0.94875,0.016713537,0.07985524,0.011231693,0.935,0.011231693,0.078061454
0.016200226,0.94875,0.016200226,0.079755284,0.012706817,0.95,0.012706817,0.073589705
0.016871812,0.9525,0.016871812,0.077275656,0.01029139,0.97,0.01029139,0.071367666
0.017184198,0.95375,0.017184198,0.07578965,0.00907752,0.97,0.00907752,0.06599131
0.016499525,0.9425,0.016499525,0.07982055,0.020104688,0.965,0.020104688,0.08159132
0.017427316,0.95,0.017427316,0.077792175,0.010388738,0.975,0.010388738,0.070420906
0.014298715,0.9575,0.014298715,0.07396562,0.015221524,0.94,0.015221524,0.079589196
0.016873362,0.94,0.016873362,0.0806755,0.019323513,0.955,0.019323513,0.09366775
0.013809273,0.94375,0.013809273,0.07589969,0.009694711,0.975,0.009694711,0.0720599
0.014820172,0.955,0.014820172,0.07665089,0.0061822236,0.965,0.0061822236,0.05719629
0.015430183,0.95875,0.015430183,0.0792569,0.00832918,0.96,0.00832918,0.06626207
0.013179267,0.955,0.013179267,0.07349284,0.01101796,0.97,0.01101796,0.07843686
0.01160548,0.95625,0.01160548,0.070667,0.006128429,0.97,0.006128429,0.055800535
0.010347391,0.94625,0.010347391,0.06841918,0.0089251455,0.96,0.0089251455,0.0689893
0.011287885,0.95375,0.011287885,0.07051824,0.007249724,0.955,0.007249724,0.06079153
0.010288384,0.9625,0.010288384,0.06869477,0.010514343,0.94,0.010514343,0.07550738
0.0127752265,0.96125,0.0127752265,0.06976548,0.009524662,0.945,0.009524662,0.068954624
0.013570427,0.95,0.013570427,0.072001666,0.009850503,0.965,0.009850503,0.062193457
0.009963803,0.95375,0.009963803,0.066326395,0.009552132,0.98,0.009552132,0.071705446
0.015106504,0.9425,0.015106504,0.07692183,0.010716648,0.955,0.010716648,0.07647911
0.01169003,0.95375,0.01169003,0.07264365,0.012301201,0.98,0.012301201,0.07812671
0.015914846,0.94625,0.015914846,0.07946869,0.01027951,0.93,0.01027951,0.07203451
0.012486836,0.94375,0.012486836,0.07453384,0.013186652,0.91,0.013186652,0.08383287
0.012326374,0.96,0.012326374,0.069275394,0.008418509,0.945,0.008418509,0.06544187
0.012275374,0.9525,0.012275374,0.06872939,0.010883042,0.965,0.010883042,0.071209766
0.016893206,0.94,0.016893206,0.07721372,0.014974391,0.915,0.014974391,0.09199085
0.010602195,0.94125,0.010602195,0.07069887,0.011765156,0.965,0.011765156,0.07743647
0.012562397,0.9475,0.012562397,0.072078,0.009397844,0.965,0.009397844,0.06866703
0.017178286,0.95,0.017178286,0.07906438,0.010784933,0.965,0.010784933,0.072796844
0.021996625,0.9375,0.021996625,0.08594697,0.021094978,0.875,0.021094978,0.10266552
0.020349355,0.93875,0.020349355,0.08739754,0.017945753,0.96,0.017945753,0.08426267
0.014551278,0.95625,0.014551278,0.07572898,0.014043373,0.925,0.014043373,0.076747194
0.016534198,0.9525,0.016534198,0.07920887,0.0067654145,0.975,0.0067654145,0.05528385
0.012728836,0.95875,0.012728836,0.07148563,0.007276501,0.965,0.007276501,0.055777345
0.012382614,0.94625,0.012382614,0.07077842,0.009398978,0.975,0.009398978,0.06744814
0.012575304,0.9575,0.012575304,0.07246787,0.01085955,0.965,0.01085955,0.07642279
0.012396241,0.95125,0.012396241,0.069339365,0.008292125,0.96,0.008292125,0.06638851
0.013406847,0.9525,0.013406847,0.07313475,0.011826057,0.93,0.011826057,0.07810033
0.0137192095,0.9475,0.0137192095,0.076957636,0.014290996,0.95,0.014290996,0.08378272
0.012049049,0.96375,0.012049049,0.07184523,0.014639996,0.915,0.014639996,0.08438383
0.017925942,0.95,0.017925942,0.07774018,0.015959986,0.955,0.015959986,0.085122
0.015967324,0.9525,0.015967324,0.07960443,0.010131364,0.955,0.010131364,0.07104828
0.017200489,0.955,0.017200489,0.07586445,0.012034701,0.97,0.012034701,0.07254478
0.013472018,0.96125,0.013472018,0.07450016,0.007345153,0.97,0.007345153,0.059492663
0.011955764,0.96,0.011955764,0.070002586,0.012960665,0.97,0.012960665,0.07144598
0.013572114,0.96,0.013572114,0.07611968,0.0118929185,0.975,0.0118929185,0.0677638
0.013249993,0.9625,0.013249993,0.07059613,0.016632387,0.945,0.016632387,0.08488151
0.016798094,0.95875,0.016798094,0.07868516,0.012069922,0.935,0.012069922,0.07959393
0.014828844,0.96375,0.014828844,0.07521143,0.008343236,0.95,0.008343236,0.06641671
0.013382208,0.95625,0.013382208,0.07590292,0.014635677,0.94,0.014635677,0.08617548
0.012749109,0.9675,0.012749109,0.074105576,0.013607373,0.945,0.013607373,0.07996261
0.011931948,0.97,0.011931948,0.0705935,0.018428082,0.91,0.018428082,0.09858674
0.013098338,0.95125,0.013098338,0.07115292,0.010889195,0.97,0.010889195,0.07712069
0.016740987,0.9575,0.016740987,0.07850041,0.024625955,0.96,0.024625955,0.1031726
0.017352223,0.9475,0.017352223,0.08137733,0.016309282,0.945,0.016309282,0.09199582
0.013335302,0.95,0.013335302,0.07361679,0.012417799,0.94,0.012417799,0.07764587
0.015812498,0.95625,0.015812498,0.07402943,0.011320055,0.96,0.011320055,0.07038219
0.012923702,0.9675,0.012923702,0.075107746,0.009576709,0.97,0.009576709,0.0673832
0.013610241,0.94875,0.013610241,0.07287242,0.015478001,0.96,0.015478001,0.07522355
0.011545706,0.965,0.011545706,0.07061482,0.010421146,0.955,0.010421146,0.07273697
0.014109353,0.955,0.014109353,0.07599283,0.029889338,0.96,0.029889338,0.08725916
0.017050559,0.94875,0.017050559,0.07667204,0.014116067,0.935,0.014116067,0.092670105
0.019313196,0.95,0.019313196,0.08791276,0.03489786,0.96,0.03489786,0.104005136
0.015447744,0.9575,0.015447744,0.07811753,0.022992034,0.92,0.022992034,0.09803383
0.020470364,0.9625,0.020470364,0.083193414,0.01834885,0.95,0.01834885,0.08686978
0.020224314,0.95,0.020224314,0.088563554,0.010968387,0.96,0.010968387,0.07635206
0.0178326,0.95875,0.0178326,0.08093565,0.030817797,0.94,0.030817797,0.08746113
0.018813996,0.94375,0.018813996,0.08024868,0.015396004,0.955,0.015396004,0.07136208
0.015083309,0.94375,0.015083309,0.07819102,0.014848671,0.965,0.014848671,0.07308874
0.016423445,0.95375,0.016423445,0.07523602,0.013159847,0.97,0.013159847,0.065896206
0.018711466,0.95625,0.018711466,0.0829523,0.015696932,0.955,0.015696932,0.088723354
0.013586375,0.9575,0.013586375,0.07554973,0.016409438,0.96,0.016409438,0.08771458
0.012624685,0.9625,0.012624685,0.07524238,0.013089802,0.93,0.013089802,0.078640535
0.013867526,0.95375,0.013867526,0.07650602,0.011342071,0.96,0.011342071,0.07240322
0.016820615,0.96375,0.016820615,0.07850771,0.022266984,0.945,0.022266984,0.08885598
0.014714123,0.95125,0.014714123,0.07590552,0.0137967905,0.925,0.0137967905,0.07864727
0.021535344,0.94875,0.021535344,0.08547462,0.016533509,0.915,0.016533509,0.089930385
0.013884902,0.95875,0.013884902,0.07562007,0.017632887,0.935,0.017632887,0.086172335
0.0151694035,0.95,0.0151694035,0.0757055,0.009268653,0.95,0.009268653,0.062909625
0.014548259,0.9525,0.014548259,0.07867172,0.010517823,0.975,0.010517823,0.062628806
0.0151217915,0.9475,0.0151217915,0.07970815,0.011839342,0.98,0.011839342,0.06887108
0.015808105,0.94,0.015808105,0.078264885,0.015699852,0.98,0.015699852,0.078003675
0.014684799,0.95625,0.014684799,0.073609054,0.01807595,0.96,0.01807595,0.086909525
0.011808468,0.96625,0.011808468,0.07148703,0.01190578,0.97,0.01190578,0.07242626
0.0100336,0.9625,0.0100336,0.06650944,0.014365712,0.97,0.014365712,0.07009462
0.015874116,0.945,0.015874116,0.07431365,0.01411255,0.975,0.01411255,0.06889747
0.012756816,0.96375,0.012756816,0.0704874,0.012432754,0.955,0.012432754,0.07672202
0.012513971,0.9625,0.012513971,0.07340541,0.009435117,0.95,0.009435117,0.06623205
0.01594935,0.95375,0.01594935,0.076956585,0.011838121,0.97,0.011838121,0.07105507
0.01674955,0.95375,0.01674955,0.0793741,0.011302336,0.98,0.011302336,0.068504445
0.013249554,0.9575,0.013249554,0.07273625,0.010926603,0.97,0.010926603,0.06907682
0.012265333,0.9525,0.012265333,0.071067005,0.017974311,0.975,0.017974311,0.07617565
0.011910179,0.9625,0.011910179,0.06766469,0.01112502,0.95,0.01112502,0.07084113
0.01162444,0.965,0.01162444,0.06865898,0.01655446,0.965,0.01655446,0.06953019
0.010264266,0.9525,0.010264266,0.06611641,0.01708121,0.93,0.01708121,0.08593662
0.014596132,0.95125,0.014596132,0.07263896,0.024073457,0.935,0.024073457,0.09884934
0.0121622635,0.945,0.0121622635,0.07314857,0.014259331,0.935,0.014259331,0.085081056
0.011972411,0.9525,0.011972411,0.074301414,0.013544704,0.965,0.013544704,0.07626959
0.011012537,0.96,0.011012537,0.07262322,0.010466841,0.95,0.010466841,0.0719142
0.013574331,0.95875,0.013574331,0.075570025,0.012912154,0.965,0.012912154,0.07265105
0.01757254,0.95875,0.01757254,0.078413256,0.010613758,0.95,0.010613758,0.06948138
0.012287383,0.94375,0.012287383,0.07239065,0.012967882,0.96,0.012967882,0.06630667
0.016768316,0.94625,0.016768316,0.072984,0.013130057,0.94,0.013130057,0.08550522
0.017230595,0.96,0.017230595,0.07771381,0.02288311,0.96,0.02288311,0.075522944
0.014616657,0.9475,0.014616657,0.0783547,0.025202952,0.96,0.025202952,0.09732586
0.0154555645,0.97,0.0154555645,0.079185605,0.01645136,0.95,0.01645136,0.076084755
0.015863948,0.96,0.015863948,0.07933174,0.023159407,0.95,0.023159407,0.09487248
0.0145451715,0.94875,0.0145451715,0.07785592,0.009984803,0.965,0.009984803,0.07003184
0.013803501,0.95625,0.013803501,0.07578805,0.013237332,0.93,0.013237332,0.082975075
0.014013651,0.95375,0.014013651,0.07147872,0.014928845,0.96,0.014928845,0.084150374
0.013126217,0.955,0.013126217,0.07412812,0.014241138,0.965,0.014241138,0.080702536
0.015594071,0.95875,0.015594071,0.07756379,0.018098969,0.94,0.018098969,0.09966471
0.013834314,0.945,0.013834314,0.07820992,0.016203113,0.935,0.016203113,0.09482732
0.012977874,0.955,0.012977874,0.07163304,0.009440817,0.955,0.009440817,0.06584024
0.011088902,0.95375,0.011088902,0.07125612,0.00827653,0.97,0.00827653,0.060399603
0.013790605,0.95875,0.013790605,0.0730095,0.010477635,0.95,0.010477635,0.06931776
0.00969531,0.9625,0.00969531,0.067502946,0.011230737,0.96,0.011230737,0.07533744
0.0128057,0.95375,0.0128057,0.07228053,0.008152709,0.975,0.008152709,0.061150774
0.012921065,0.94625,0.012921065,0.07804734,0.013860619,0.965,0.013860619,0.06527929
0.015792938,0.9575,0.015792938,0.07598971,0.013450357,0.945,0.013450357,0.060108148
0.012426593,0.95625,0.012426593,0.07417074,0.010240433,0.975,0.010240433,0.061983325
0.011680758,0.95375,0.011680758,0.06884191,0.012023388,0.945,0.012023388,0.07709701
0.012606531,0.94625,0.012606531,0.07114411,0.011150193,0.96,0.011150193,0.07876511
0.013459232,0.96125,0.013459232,0.072237514,0.020821352,0.965,0.020821352,0.08505971
0.012224351,0.9625,0.012224351,0.07626926,0.010034881,0.965,0.010034881,0.07344223
0.016158044,0.95,0.016158044,0.07719226,0.01598124,0.97,0.01598124,0.08537994
0.0132586565,0.9625,0.0132586565,0.07425214,0.01547099,0.97,0.01547099,0.08209115
0.016556725,0.9525,0.016556725,0.079953454,0.013482059,0.94,0.013482059,0.0794734
0.015282181,0.9525,0.015282181,0.07845801,0.013637784,0.95,0.013637784,0.08337326
0.013387742,0.95625,0.013387742,0.07294327,0.017216502,0.94,0.017216502,0.09880099
0.01321369,0.9425,0.01321369,0.07603343,0.014863198,0.965,0.014863198,0.0891076
0.013214488,0.95,0.013214488,0.07502028,0.013233635,0.945,0.013233635,0.08599253
0.015617195,0.9525,0.015617195,0.077232726,0.012447116,0.94,0.012447116,0.080695994
0.014236544,0.95375,0.014236544,0.07317312,0.012575695,0.915,0.012575695,0.08210442
0.021739747,0.9275,0.021739747,0.0831497,0.02034925,0.955,0.02034925,0.08953551
0.018036785,0.94375,0.018036785,0.07995715,0.025207855,0.895,0.025207855,0.09593437
0.019961875,0.95125,0.019961875,0.0810957,0.03700561,0.915,0.03700561,0.10515158
0.024068685,0.9425,0.024068685,0.0888505,0.016026871,0.965,0.016026871,0.07591304
0.019472273,0.945,0.019472273,0.087659486,0.014557427,0.965,0.014557427,0.07839894
0.014468428,0.95125,0.014468428,0.082465045,0.009580138,0.975,0.009580138,0.068777554
0.012770018,0.96,0.012770018,0.07690704,0.014946529,0.965,0.014946529,0.082864925
0.011584909,0.95625,0.011584909,0.0691562,0.015405162,0.96,0.015405162,0.08509746
0.010354203,0.96,0.010354203,0.06838142,0.016731253,0.955,0.016731253,0.08942108
0.011572681,0.9575,0.011572681,0.06967472,0.014476304,0.96,0.014476304,0.072347306
0.01203319,0.95625,0.01203319,0.073017575,0.011282784,0.98,0.011282784,0.075901926
0.014516349,0.9575,0.014516349,0.07485626,0.011008786,0.98,0.011008786,0.07223849
0.013979739,0.9575,0.013979739,0.07355751,0.010336158,0.955,0.010336158,0.075295694
0.014109147,0.9425,0.014109147,0.073892534,0.010171237,0.965,0.010171237,0.07351342
0.015603442,0.96,0.015603442,0.077301316,0.009459864,0.96,0.009459864,0.06781539
0.012415042,0.9625,0.012415042,0.070740655,0.0066416455,0.96,0.0066416455,0.057413846
0.014415982,0.945,0.014415982,0.069656596,0.01318342,0.955,0.01318342,0.084467694
0.013042151,0.95375,0.013042151,0.07253044,0.019509017,0.98,0.019509017,0.08905485
0.01352491,0.9575,0.01352491,0.07186361,0.012848744,0.975,0.012848744,0.074877545
0.014020299,0.95,0.014020299,0.076926395,0.01885648,0.955,0.01885648,0.08759104
0.0134436535,0.96375,0.0134436535,0.073268004,0.008123988,0.96,0.008123988,0.0657232
0.013700612,0.93875,0.013700612,0.07535033,0.010015628,0.975,0.010015628,0.06283698
0.013144475,0.94875,0.013144475,0.07271129,0.010419775,0.96,0.010419775,0.07061338
0.015635408,0.94875,0.015635408,0.07667038,0.028527569,0.915,0.028527569,0.11011724
0.018590558,0.955,0.018590558,0.08040463,0.014820351,0.94,0.014820351,0.08874503
0.016220147,0.96,0.016220147,0.08136416,0.012652105,0.965,0.012652105,0.076972224
0.015578508,0.95625,0.015578508,0.077541,0.011672822,0.965,0.011672822,0.07881847
0.013302926,0.94,0.013302926,0.07297537,0.012804262,0.96,0.012804262,0.08073271
0.016871978,0.95,0.016871978,0.08227918,0.017506609,0.955,0.017506609,0.08157018
0.012829603,0.965,0.012829603,0.075758845,0.011148592,0.97,0.011148592,0.07317734
0.016091825,0.95,0.016091825,0.07815125,0.0134733245,0.94,0.0134733245,0.08130884
0.01747787,0.95,0.01747787,0.079866216,0.00816143,0.97,0.00816143,0.06502873
0.020652454,0.9375,0.020652454,0.08748994,0.017133627,0.955,0.017133627,0.077549666
0.016827827,0.96,0.016827827,0.081675634,0.0204537,0.965,0.0204537,0.07200277
0.0126251755,0.96,0.0126251755,0.07355555,0.010462998,0.955,0.010462998,0.07476988
0.016305622,0.95875,0.016305622,0.076966636,0.013577675,0.93,0.013577675,0.08378506
0.010404554,0.95,0.010404554,0.07079316,0.0109116435,0.96,0.0109116435,0.072307914
0.011087242,0.96,0.011087242,0.06808373,0.0083246855,0.98,0.0083246855,0.061790362
0.011518606,0.955,0.011518606,0.0706374,0.008002829,0.955,0.008002829,0.06602075
0.01428324,0.955,0.01428324,0.07442991,0.022048349,0.955,0.022048349,0.08278129
0.010430216,0.96375,0.010430216,0.06682081,0.01165107,0.935,0.01165107,0.07536943
0.013075011,0.9575,0.013075011,0.0747121,0.0113790445,0.96,0.0113790445,0.060900893
0.0148348,0.955,0.0148348,0.07439885,0.013986498,0.98,0.013986498,0.064548895
0.013935653,0.95625,0.013935653,0.072776295,0.0077566733,0.955,0.0077566733,0.062290657
0.009331734,0.96625,0.009331734,0.06468024,0.012061659,0.955,0.012061659,0.07403571
0.017792478,0.955,0.017792478,0.07777636,0.01613374,0.96,0.01613374,0.07733509
0.013264233,0.95875,0.013264233,0.07293986,0.009926005,0.95,0.009926005,0.07554234
0.011197147,0.95875,0.011197147,0.073056005,0.008195712,0.96,0.008195712,0.06384993
0.0137994215,0.96375,0.0137994215,0.07298447,0.009638508,0.945,0.009638508,0.07213778
0.014607,0.955,0.014607,0.071171045,0.008123322,0.955,0.008123322,0.06576778
0.011959618,0.96125,0.011959618,0.06817244,0.01094215,0.97,0.01094215,0.071318254
0.015329577,0.95375,0.015329577,0.07240873,0.013433659,0.95,0.013433659,0.08411799
0.014154839,0.9625,0.014154839,0.07281747,0.011739576,0.945,0.011739576,0.070415355
0.016891604,0.955,0.016891604,0.07178277,0.016375953,0.955,0.016375953,0.079837896
0.014326995,0.95125,0.014326995,0.07586248,0.01063774,0.95,0.01063774,0.07238529
0.01270281,0.96125,0.01270281,0.07362826,0.0191756,0.945,0.0191756,0.07799723
0.014456435,0.94625,0.014456435,0.07407297,0.01936046,0.965,0.01936046,0.07397063
0.01138816,0.9525,0.01138816,0.07116957,0.01043691,0.965,0.01043691,0.07394113
0.012668753,0.95875,0.012668753,0.070369065,0.017389651,0.94,0.017389651,0.08954488
0.016520314,0.95375,0.016520314,0.07306638,0.029742196,0.96,0.029742196,0.08345709
0.015405605,0.94,0.015405605,0.07527308,0.011092566,0.955,0.011092566,0.07338314
0.013983449,0.94125,0.013983449,0.07758422,0.02319891,0.97,0.02319891,0.08892501
0.015845986,0.95,0.015845986,0.076528,0.018631874,0.97,0.018631874,0.08523349
0.01815965,0.95,0.01815965,0.07903347,0.01984041,0.96,0.01984041,0.1014651
0.015536449,0.9575,0.015536449,0.079831555,0.012961742,0.945,0.012961742,0.08195704
0.015184646,0.95625,0.015184646,0.079557404,0.01815908,0.95,0.01815908,0.08336129
0.012280544,0.95125,0.012280544,0.075664386,0.01563911,0.95,0.01563911,0.08390622
0.018590938,0.95625,0.018590938,0.08081603,0.015689787,0.94,0.015689787,0.082574174
0.01588264,0.94375,0.01588264,0.080201715,0.02396706,0.945,0.02396706,0.11063303
0.018124638,0.94125,0.018124638,0.08107151,0.021203242,0.935,0.021203242,0.098838605
0.014685272,0.95625,0.014685272,0.083857834,0.007958992,0.96,0.007958992,0.066705324
0.013513531,0.96375,0.013513531,0.07851905,0.013373958,0.965,0.013373958,0.07181657
0.016038608,0.945,0.016038608,0.078812845,0.017566673,0.98,0.017566673,0.08047605
0.019494452,0.95125,0.019494452,0.081259616,0.013155595,0.965,0.013155595,0.07717702
0.01633535,0.95125,0.01633535,0.08077996,0.021918986,0.96,0.021918986,0.09087163
0.020174434,0.9275,0.020174434,0.086438,0.015530551,0.92,0.015530551,0.077371046
0.02585917,0.93875,0.02585917,0.09136943,0.030106623,0.94,0.030106623,0.11647824
0.021125454,0.95125,0.021125454,0.0939139,0.023249337,0.92,0.023249337,0.110884406
0.018070035,0.95125,0.018070035,0.08716572,0.014870699,0.96,0.014870699,0.088961385
0.01568247,0.95875,0.01568247,0.08000446,0.0136252465,0.965,0.0136252465,0.0757656
0.017392775,0.95125,0.017392775,0.07837128,0.017858515,0.97,0.017858515,0.08785823
0.01645034,0.94875,0.01645034,0.08074393,0.011783869,0.97,0.011783869,0.0722517
0.015845716,0.94125,0.015845716,0.08408121,0.012719414,0.955,0.012719414,0.07722931
0.014121115,0.95,0.014121115,0.079515435,0.0138396,0.97,0.0138396,0.07704324
0.012333878,0.95,0.012333878,0.07185628,0.013827521,0.96,0.013827521,0.08279934
0.020097548,0.93625,0.020097548,0.08750424,0.012405211,0.96,0.012405211,0.0749574
0.01902838,0.95375,0.01902838,0.085858844,0.0152746355,0.98,0.0152746355,0.078265086
0.015392049,0.94875,0.015392049,0.077841975,0.01543759,0.98,0.01543759,0.072629176
0.01207997,0.96,0.01207997,0.0727841,0.014643069,0.975,0.014643069,0.07955823
0.011767477,0.95125,0.011767477,0.07430382,0.013230169,0.955,0.013230169,0.08421548
0.012191518,0.95625,0.012191518,0.07180879,0.012447911,0.945,0.012447911,0.081670895
0.013945549,0.9525,0.013945549,0.072581954,0.016107446,0.955,0.016107446,0.078616604
0.016479325,0.94375,0.016479325,0.07465368,0.018407611,0.97,0.018407611,0.08253431
0.015048793,0.95875,0.015048793,0.074250214,0.014508069,0.97,0.014508069,0.08048677
0.015772333,0.9525,0.015772333,0.0762346,0.014093549,0.955,0.014093549,0.08316714
0.014116491,0.95375,0.014116491,0.07482174,0.018356044,0.96,0.018356044,0.08102096
0.018570598,0.9575,0.018570598,0.081471965,0.020979023,0.91,0.020979023,0.10929255
0.015077728,0.95625,0.015077728,0.08289175,0.01818013,0.93,0.01818013,0.09641443
0.01379189,0.96125,0.01379189,0.077603,0.017280389,0.965,0.017280389,0.09113532
0.016120946,0.95,0.016120946,0.08081095,0.009759387,0.965,0.009759387,0.06901896
0.016116908,0.95125,0.016116908,0.07927224,0.01436649,0.95,0.01436649,0.0809961
0.014864331,0.94125,0.014864331,0.07974025,0.01652869,0.925,0.01652869,0.0943949
0.012003985,0.94375,0.012003985,0.07211382,0.023249602,0.94,0.023249602,0.09485852
0.01444204,0.945,0.01444204,0.07470179,0.017042482,0.96,0.017042482,0.092951566
0.0125184795,0.94875,0.0125184795,0.07579511,0.019940192,0.97,0.019940192,0.09787045
0.015992329,0.94875,0.015992329,0.07967592,0.012740944,0.98,0.012740944,0.08481301
0.012952064,0.96625,0.012952064,0.07588409,0.011820275,0.975,0.011820275,0.07482579
0.0150301205,0.95,0.0150301205,0.07698118,0.017257934,0.95,0.017257934,0.08078363
0.0174749,0.94375,0.0174749,0.076329336,0.01899734,0.955,0.01899734,0.0882424
0.01859175,0.945,0.01859175,0.078065224,0.0153236175,0.96,0.0153236175,0.07368
0.017351232,0.94625,0.017351232,0.07763222,0.016753381,0.965,0.016753381,0.0824927
0.014061567,0.95875,0.014061567,0.07454483,0.013007375,0.95,0.013007375,0.07596002
0.014188653,0.96,0.014188653,0.074927084,0.010781416,0.96,0.010781416,0.0792873
0.011273461,0.95,0.011273461,0.07313514,0.011842207,0.955,0.011842207,0.07506244
0.010630244,0.9425,0.010630244,0.066909716,0.01275287,0.97,0.01275287,0.08062287
0.014628337,0.9475,0.014628337,0.073378116,0.016281607,0.955,0.016281607,0.081200644
0.015550369,0.9525,0.015550369,0.07704993,0.01764604,0.965,0.01764604,0.0926528
0.01452961,0.95875,0.01452961,0.07435939,0.010209007,0.97,0.010209007,0.06594163
0.014949794,0.94375,0.014949794,0.080217496,0.017849702,0.965,0.017849702,0.07648806
0.015753495,0.95375,0.015753495,0.07535087,0.013593864,0.95,0.013593864,0.08374954
0.019105798,0.94125,0.019105798,0.08124296,0.009951861,0.945,0.009951861,0.07249138
0.01577993,0.95875,0.01577993,0.07852128,0.014978634,0.95,0.014978634,0.07709721
0.01959231,0.94125,0.01959231,0.08427137,0.010975961,0.955,0.010975961,0.07699063
0.016287094,0.95125,0.016287094,0.07984049,0.012869797,0.945,0.012869797,0.08505774
0.010609993,0.9625,0.010609993,0.06890662,0.01583192,0.945,0.01583192,0.093495265
0.0136876395,0.94875,0.0136876395,0.071773335,0.01571446,0.95,0.01571446,0.08299415
0.01252344,0.94625,0.01252344,0.07171938,0.014036191,0.96,0.014036191,0.07696046
0.012223547,0.95125,0.012223547,0.070201255,0.014240066,0.96,0.014240066,0.08224275
0.016344551,0.94875,0.016344551,0.07974187,0.012630682,0.95,0.012630682,0.0831698
0.017576566,0.955,0.017576566,0.08185935,0.009614565,0.975,0.009614565,0.06862385
0.014647728,0.955,0.014647728,0.072678775,0.013861566,0.97,0.013861566,0.070965454
0.011911533,0.95375,0.011911533,0.06971957,0.012598437,0.98,0.012598437,0.078228615
0.0114758285,0.95875,0.0114758285,0.068295315,0.009001652,0.97,0.009001652,0.063704774
0.014934547,0.96625,0.014934547,0.07639054,0.009971037,0.95,0.009971037,0.06511528
0.018111557,0.945,0.018111557,0.08145872,0.014442967,0.94,0.014442967,0.08298824
0.015689546,0.9575,0.015689546,0.07263491,0.013407055,0.945,0.013407055,0.087391205
0.013553415,0.95,0.013553415,0.07553694,0.013962757,0.965,0.013962757,0.08022145
0.01136845,0.95375,0.01136845,0.070541,0.013199699,0.96,0.013199699,0.08145837
0.013104119,0.9625,0.013104119,0.07462628,0.009376314,0.985,0.009376314,0.06927051
0.01574605,0.95125,0.01574605,0.07806687,0.017512567,0.98,0.017512567,0.07296237
0.017012283,0.94125,0.017012283,0.07589152,0.019554298,0.955,0.019554298,0.08844944
0.012629589,0.955,0.012629589,0.0696965,0.013831305,0.955,0.013831305,0.07879311
0.011669571,0.94875,0.011669571,0.06817138,0.01199726,0.96,0.01199726,0.08030762
0.01574757,0.9425,0.01574757,0.076052114,0.017246842,0.96,0.017246842,0.08663812
0.017850962,0.94875,0.017850962,0.08312254,0.013198053,0.965,0.013198053,0.08326796
0.01708395,0.9525,0.01708395,0.07698306,0.011533715,0.94,0.011533715,0.07925702
0.016063498,0.9575,0.016063498,0.07719323,0.0091337655,0.975,0.0091337655,0.05083416
0.010561393,0.9575,0.010561393,0.069762796,0.009819492,0.96,0.009819492,0.07335862
0.015228567,0.94875,0.015228567,0.07554936,0.013142052,0.945,0.013142052,0.06983161
0.017583892,0.9475,0.017583892,0.07939595,0.011957883,0.95,0.011957883,0.08074457
0.011750808,0.95625,0.011750808,0.06943551,0.011702069,0.95,0.011702069,0.075850636
0.012889233,0.95125,0.012889233,0.07158297,0.011814327,0.94,0.011814327,0.07764531
0.010836953,0.95,0.010836953,0.067968875,0.017000103,0.96,0.017000103,0.07528052
0.017682439,0.94625,0.017682439,0.08026291,0.008150265,0.95,0.008150265,0.06063031
0.015292487,0.94875,0.015292487,0.07666456,0.025118975,0.955,0.025118975,0.09446339
0.01570673,0.95,0.01570673,0.07580231,0.016476005,0.96,0.016476005,0.08954461
0.016499367,0.955,0.016499367,0.07710284,0.01668074,0.975,0.01668074,0.09074721
0.015574633,0.95625,0.015574633,0.07680044,0.022265458,0.98,0.022265458,0.086489335
0.015633496,0.95375,0.015633496,0.073657796,0.019091362,0.93,0.019091362,0.09114649
0.015147171,0.93875,0.015147171,0.07481801,0.01887444,0.955,0.01887444,0.09161407
0.013142312,0.95875,0.013142312,0.07328667,0.016232453,0.955,0.016232453,0.08876607
0.013463522,0.96375,0.013463522,0.07327542,0.011204957,0.95,0.011204957,0.07724662
0.015232904,0.9575,0.015232904,0.07217984,0.034176942,0.96,0.034176942,0.09077666
0.014084556,0.9525,0.014084556,0.07315593,0.01322554,0.97,0.01322554,0.076118946
0.02249086,0.9375,0.02249086,0.084582694,0.033487562,0.945,0.033487562,0.0940535
0.01653159,0.95625,0.01653159,0.07910487,0.02089607,0.98,0.02089607,0.08859491
0.022077102,0.94875,0.022077102,0.091106966,0.0210518,0.965,0.0210518,0.09909348
0.018321875,0.94,0.018321875,0.09068717,0.020341132,0.955,0.020341132,0.088441655
0.016654031,0.955,0.016654031,0.08349542,0.017617024,0.93,0.017617024,0.09534015
0.013215583,0.945,0.013215583,0.07371302,0.0148561215,0.93,0.0148561215,0.08615006
0.010820326,0.95375,0.010820326,0.067794,0.014713922,0.955,0.014713922,0.08491952
0.011355976,0.95375,0.011355976,0.0721327,0.010817148,0.96,0.010817148,0.06666416
0.013875311,0.94625,0.013875311,0.07448246,0.011444795,0.935,0.011444795,0.07271919
0.015545185,0.955,0.015545185,0.07673517,0.0139604295,0.935,0.0139604295,0.07971991
0.011201991,0.96,0.011201991,0.06825078,0.013892313,0.965,0.013892313,0.077979006
0.011819976,0.94875,0.011819976,0.06979455,0.017189031,0.97,0.017189031,0.07843724
0.012562691,0.95625,0.012562691,0.07213266,0.01337986,0.96,0.01337986,0.07812167
0.012514707,0.95625,0.012514707,0.07401516,0.011232452,0.98,0.011232452,0.06960767
0.011436157,0.96125,0.011436157,0.067855194,0.0076934523,0.98,0.0076934523,0.059147105
0.0137663055,0.96125,0.0137663055,0.077239126,0.01703707,0.955,0.01703707,0.08521004
0.015049069,0.9575,0.015049069,0.078704484,0.018303907,0.89,0.018303907,0.09869051
0.015104369,0.95125,0.015104369,0.08049127,0.017467197,0.96,0.017467197,0.08094028
0.01255606,0.9625,0.01255606,0.07337017,0.012049916,0.97,0.012049916,0.075136594
0.015791617,0.93625,0.015791617,0.07390526,0.008298343,0.975,0.008298343,0.06809865
0.011116642,0.96375,0.011116642,0.06996747,0.013058505,0.965,0.013058505,0.07600075
0.011644106,0.96,0.011644106,0.069631234,0.013398672,0.94,0.013398672,0.08761266
0.023366144,0.9525,0.023366144,0.087023295,0.024119,0.945,0.024119,0.09247687
0.021957586,0.94,0.021957586,0.08561208,0.027006594,0.945,0.027006594,0.095642045
0.018458938,0.93625,0.018458938,0.088617906,0.012762207,0.955,0.012762207,0.0823312
0.02324521,0.93625,0.02324521,0.09727468,0.027714754,0.965,0.027714754,0.112570524
0.01950691,0.94875,0.01950691,0.08598144,0.01922447,0.965,0.01922447,0.09080431
0.020289447,0.93875,0.020289447,0.08673273,0.01112447,0.97,0.01112447,0.06528406
0.013931484,0.94125,0.013931484,0.07924292,0.00956116,0.98,0.00956116,0.067700036
0.01722603,0.93625,0.01722603,0.08307514,0.01077767,0.96,0.01077767,0.063992105
0.01423734,0.9575,0.01423734,0.07648138,0.02444448,0.95,0.02444448,0.08462648
0.015112522,0.95,0.015112522,0.0730162,0.01610524,0.965,0.01610524,0.08013925
0.012786963,0.95625,0.012786963,0.07233978,0.018543003,0.94,0.018543003,0.0996703
0.014586645,0.95,0.014586645,0.07800232,0.01824045,0.965,0.01824045,0.09440668
0.014389969,0.95375,0.014389969,0.0790565,0.011820104,0.95,0.011820104,0.07817218
0.014728939,0.95375,0.014728939,0.0748138,0.015983487,0.935,0.015983487,0.08876045
0.0135124745,0.9525,0.0135124745,0.07578632,0.014390122,0.95,0.014390122,0.08854004
0.011251369,0.95,0.011251369,0.07078075,0.010173235,0.955,0.010173235,0.0722477
0.013898302,0.96375,0.013898302,0.07290082,0.012269926,0.96,0.012269926,0.08150634
0.017278386,0.955,0.017278386,0.079365745,0.0061930134,0.975,0.0061930134,0.05488031
0.016652811,0.95125,0.016652811,0.07684,0.026834693,0.975,0.026834693,0.08142558
0.017815905,0.9625,0.017815905,0.0829227,0.018119257,0.955,0.018119257,0.09061807
0.012731479,0.9525,0.012731479,0.075145744,0.011774621,0.96,0.011774621,0.075014845
0.016396455,0.9575,0.016396455,0.07416743,0.01621706,0.965,0.01621706,0.068532966
0.017406069,0.96125,0.017406069,0.078966826,0.011272561,0.955,0.011272561,0.07198246
0.015720803,0.93875,0.015720803,0.077440254,0.014522681,0.97,0.014522681,0.084361486
0.016333463,0.95,0.016333463,0.0733412,0.016274333,0.935,0.016274333,0.096034825
0.016685413,0.95875,0.016685413,0.080910884,0.012147522,0.95,0.012147522,0.074636914
0.011954335,0.9525,0.011954335,0.07285124,0.011448392,0.98,0.011448392,0.07051022
0.01194564,0.95125,0.01194564,0.07047034,0.010660169,0.96,0.010660169,0.076073475
0.010951199,0.95125,0.010951199,0.06905241,0.009547639,0.975,0.009547639,0.068991154
0.010105249,0.965,0.010105249,0.064738385,0.011273062,0.97,0.011273062,0.07178199
0.010382519,0.96875,0.010382519,0.06517814,0.009436291,0.965,0.009436291,0.06468142
0.011577506,0.955,0.011577506,0.06723759,0.010190197,0.975,0.010190197,0.06705133
0.012902148,0.95875,0.012902148,0.06730454,0.014231551,0.975,0.014231551,0.07735386
0.010843478,0.9675,0.010843478,0.06989594,0.009188985,0.97,0.009188985,0.065550655
0.012387417,0.96125,0.012387417,0.070061676,0.014590529,0.975,0.014590529,0.07985839
0.013991389,0.94875,0.013991389,0.073484406,0.011689725,0.97,0.011689725,0.073462225
0.012820316,0.9575,0.012820316,0.07557303,0.013925631,0.945,0.013925631,0.086130895
0.010072998,0.9675,0.010072998,0.06977664,0.01814156,0.94,0.01814156,0.09616841
0.0147666875,0.95875,0.0147666875,0.075957544,0.01228582,0.95,0.01228582,0.07783354
0.014935708,0.95375,0.014935708,0.07572999,0.01342544,0.94,0.01342544,0.06792542
0.016466895,0.9525,0.016466895,0.076549545,0.009444449,0.945,0.009444449,0.069680646
0.012947914,0.955,0.012947914,0.073375076,0.023814881,0.95,0.023814881,0.0906999
0.013949978,0.9575,0.013949978,0.073361896,0.012590021,0.975,0.012590021,0.08334449
0.013881492,0.93625,0.013881492,0.07688303,0.022504414,0.945,0.022504414,0.09399539
0.0147199705,0.96,0.0147199705,0.07454159,0.014401061,0.95,0.014401061,0.08542613
0.011424031,0.955,0.011424031,0.06960474,0.011700308,0.97,0.011700308,0.07700959
0.012398937,0.95375,0.012398937,0.07085229,0.009581118,0.975,0.009581118,0.06500455
0.013094431,0.96375,0.013094431,0.06861756,0.008599983,0.93,0.008599983,0.06693856
0.013700344,0.95625,0.013700344,0.0721414,0.0058819326,0.965,0.0058819326,0.057868037
0.014315955,0.95625,0.014315955,0.07964784,0.008234176,0.975,0.008234176,0.064069316
0.015109398,0.96,0.015109398,0.07975504,0.009265299,0.975,0.009265299,0.06577766
0.012751945,0.955,0.012751945,0.073877275,0.020175757,0.95,0.020175757,0.08859353
0.016766807,0.94875,0.016766807,0.07895693,0.019979099,0.935,0.019979099,0.09619409
0.015185313,0.93125,0.015185313,0.07748218,0.011642527,0.96,0.011642527,0.07147424
0.011891494,0.94875,0.011891494,0.074255615,0.013558718,0.97,0.013558718,0.08466213
0.013600869,0.955,0.013600869,0.07514072,0.02678486,0.965,0.02678486,0.0915061
0.01656466,0.95625,0.01656466,0.076946095,0.024373079,0.97,0.024373079,0.07673249
0.016583467,0.95875,0.016583467,0.078426026,0.012488863,0.975,0.012488863,0.08678618
0.01608545,0.9625,0.01608545,0.07709778,0.01565824,0.97,0.01565824,0.0891027
0.013046703,0.95625,0.013046703,0.076591544,0.01700986,0.95,0.01700986,0.08161171
0.011037089,0.96,0.011037089,0.069452845,0.007953006,0.975,0.007953006,0.05692134
0.013800124,0.9575,0.013800124,0.07198867,0.008649852,0.955,0.008649852,0.06911411
0.014152982,0.9525,0.014152982,0.07628384,0.012102502,0.935,0.012102502,0.08509817
0.011621424,0.96,0.011621424,0.07041576,0.013076994,0.96,0.013076994,0.07755989
0.012116334,0.9575,0.012116334,0.06928144,0.010244933,0.97,0.010244933,0.071069315
0.011663336,0.9625,0.011663336,0.067662284,0.017805833,0.965,0.017805833,0.078370936
0.020015413,0.955,0.020015413,0.07807729,0.013556993,0.965,0.013556993,0.08021574
0.012670496,0.9625,0.012670496,0.07518257,0.01335039,0.975,0.01335039,0.08075814
0.012565503,0.9575,0.012565503,0.07127142,0.009382969,0.97,0.009382969,0.06693629
0.013280959,0.93625,0.013280959,0.07404089,0.008298967,0.965,0.008298967,0.06502913
0.013687929,0.9575,0.013687929,0.0745456,0.014666135,0.955,0.014666135,0.08987535
0.014240481,0.9475,0.014240481,0.07345817,0.015528007,0.94,0.015528007,0.08963795
0.011907317,0.94375,0.011907317,0.07212068,0.014272067,0.95,0.014272067,0.08024515
0.009428611,0.9575,0.009428611,0.065819874,0.010942944,0.975,0.010942944,0.07266664
0.012264668,0.95875,0.012264668,0.07051331,0.0056089093,0.98,0.0056089093,0.04948825
0.011663484,0.955,0.011663484,0.07023036,0.010467243,0.975,0.010467243,0.06772168
0.012142,0.955,0.012142,0.072805,0.017489197,0.955,0.017489197,0.08437147
0.013172575,0.96,0.013172575,0.07324634,0.012279418,0.965,0.012279418,0.0761508
0.014130247,0.96125,0.014130247,0.07377115,0.011282134,0.97,0.011282134,0.07357684
0.014799113,0.95125,0.014799113,0.075075105,0.01110801,0.955,0.01110801,0.069173366
0.014791888,0.95625,0.014791888,0.07557652,0.017049028,0.96,0.017049028,0.07784769
0.012541752,0.94375,0.012541752,0.07594616,0.008149919,0.975,0.008149919,0.061488207
0.013853563,0.955,0.013853563,0.07554221,0.008269908,0.97,0.008269908,0.06416969
0.011591933,0.965,0.011591933,0.06914567,0.01716475,0.945,0.01716475,0.07961511
0.013082835,0.96,0.013082835,0.069905736,0.010176457,0.95,0.010176457,0.07553987
0.017258352,0.9525,0.017258352,0.07350452,0.0138199795,0.96,0.0138199795,0.07328735
0.022931399,0.93875,0.022931399,0.08631557,0.025767967,0.94,0.025767967,0.09575744
0.026812674,0.93375,0.026812674,0.10397653,0.030158248,0.9,0.030158248,0.112887174
0.023134572,0.9325,0.023134572,0.09936902,0.021709334,0.955,0.021709334,0.105609685
0.020083541,0.93875,0.020083541,0.09378422,0.016119823,0.95,0.016119823,0.092784315
0.0139984535,0.94375,0.0139984535,0.07917798,0.018928582,0.965,0.018928582,0.08754387
0.017262682,0.9475,0.017262682,0.080887035,0.028277967,0.96,0.028277967,0.0963298
0.02285955,0.9375,0.02285955,0.091851704,0.013171054,0.945,0.013171054,0.07964624
0.01828415,0.94,0.01828415,0.090388305,0.013416899,0.97,0.013416899,0.084430695
0.01763438,0.94375,0.01763438,0.08402568,0.010404352,0.965,0.010404352,0.06970534
0.015226819,0.945,0.015226819,0.078498915,0.009542336,0.96,0.009542336,0.058197085
0.014262117,0.95,0.014262117,0.077498205,0.008019677,0.96,0.008019677,0.062436886
0.015192693,0.955,0.015192693,0.07821173,0.015681693,0.965,0.015681693,0.084423676
0.011862312,0.95625,0.011862312,0.070695154,0.014025447,0.945,0.014025447,0.083934024
0.012821517,0.955,0.012821517,0.07126934,0.025575789,0.94,0.025575789,0.092189826
0.014231911,0.96375,0.014231911,0.07496449,0.014220116,0.97,0.014220116,0.077147506
0.015778586,0.95,0.015778586,0.077142194,0.021798484,0.965,0.021798484,0.0830746
0.01589126,0.95375,0.01589126,0.07928108,0.022253823,0.965,0.022253823,0.085115395
0.013955611,0.955,0.013955611,0.07540168,0.015364075,0.955,0.015364075,0.08597574
0.01231667,0.9575,0.01231667,0.07000307,0.0115898,0.975,0.0115898,0.07336642
0.010858964,0.95625,0.010858964,0.07016182,0.01395687,0.955,0.01395687,0.07953518
0.010886491,0.965,0.010886491,0.06898033,0.013935732,0.935,0.013935732,0.081694625
0.011909575,0.94875,0.011909575,0.07037911,0.010428233,0.965,0.010428233,0.071660765
0.01032314,0.96375,0.01032314,0.06660547,0.011029868,0.95,0.011029868,0.07636181
0.01632545,0.9625,0.01632545,0.07549954,0.015654804,0.955,0.015654804,0.07842642
0.0134513425,0.9475,0.0134513425,0.07129692,0.014563879,0.96,0.014563879,0.08320307
0.015519464,0.9525,0.015519464,0.07665351,0.021291884,0.965,0.021291884,0.093604416
0.013968497,0.94625,0.013968497,0.074494556,0.021370064,0.925,0.021370064,0.09016647
0.012491112,0.955,0.012491112,0.069926694,0.014178924,0.945,0.014178924,0.08055377
0.015019681,0.9575,0.015019681,0.07334348,0.015695138,0.98,0.015695138,0.07247709
0.012787253,0.95625,0.012787253,0.074733794,0.013874853,0.945,0.013874853,0.07734885
0.012143862,0.96125,0.012143862,0.06927331,0.016677156,0.96,0.016677156,0.074636534
0.011815855,0.955,0.011815855,0.07132752,0.015630879,0.965,0.015630879,0.085173465
0.012026707,0.9575,0.012026707,0.06999281,0.019275928,0.965,0.019275928,0.08321993
0.017375985,0.95,0.017375985,0.07795891,0.008240533,0.97,0.008240533,0.06423108
0.015768198,0.95125,0.015768198,0.07775091,0.012499354,0.93,0.012499354,0.08189349
0.014401758,0.955,0.014401758,0.07580176,0.011802181,0.965,0.011802181,0.07679152
0.029843902,0.945,0.029843902,0.092819035,0.027810464,0.96,0.027810464,0.09661994
0.020620346,0.95625,0.020620346,0.08427559,0.028382197,0.95,0.028382197,0.08491042
0.0134341335,0.95125,0.0134341335,0.07676115,0.027067209,0.945,0.027067209,0.08733836
0.015888838,0.9525,0.015888838,0.08056433,0.024050059,0.96,0.024050059,0.1003854
0.024081977,0.9575,0.024081977,0.094971925,0.029559117,0.97,0.029559117,0.100495316
0.02001776,0.94625,0.02001776,0.08668577,0.011334452,0.975,0.011334452,0.06516591
0.020255947,0.95375,0.020255947,0.08612899,0.022952154,0.92,0.022952154,0.09674075
0.023214163,0.9575,0.023214163,0.0954797,0.033332657,0.97,0.033332657,0.11171592
0.018351175,0.9575,0.018351175,0.08726892,0.023596425,0.955,0.023596425,0.088975556
0.01681997,0.95625,0.01681997,0.08312642,0.01623051,0.945,0.01623051,0.084436215
0.012689361,0.95625,0.012689361,0.07631842,0.018305372,0.97,0.018305372,0.0873014
0.017462516,0.9475,0.017462516,0.082136065,0.024594305,0.895,0.024594305,0.10539022
0.01663582,0.95125,0.01663582,0.08419534,0.026478855,0.96,0.026478855,0.10230782
0.015950413,0.94625,0.015950413,0.08075381,0.027513342,0.965,0.027513342,0.08513349
0.014471155,0.955,0.014471155,0.07796284,0.013760046,0.97,0.013760046,0.08313776
0.013987763,0.94875,0.013987763,0.07506866,0.028950743,0.91,0.028950743,0.10323392
0.014499,0.94375,0.014499,0.07487748,0.015186387,0.965,0.015186387,0.07575511
0.012621986,0.96125,0.012621986,0.07035842,0.012546168,0.975,0.012546168,0.068683974
0.0113944765,0.9625,0.0113944765,0.070418715,0.02254458,0.935,0.02254458,0.09189581
0.02888509,0.9325,0.02888509,0.10217628,0.015790215,0.965,0.015790215,0.08863464
0.025541853,0.945,0.025541853,0.10025382,0.038067125,0.92,0.038067125,0.10644514
0.016365193,0.945,0.016365193,0.08486304,0.011094399,0.97,0.011094399,0.07388539
0.01875901,0.95,0.01875901,0.085627556,0.019270187,0.965,0.019270187,0.07821294
0.015199312,0.9475,0.015199312,0.08085645,0.010753262,0.96,0.010753262,0.07473733
0.012729295,0.95,0.012729295,0.07609075,0.009891375,0.965,0.009891375,0.07105501
0.015305007,0.94625,0.015305007,0.08137522,0.025296064,0.955,0.025296064,0.08085579
0.012712128,0.95375,0.012712128,0.0766783,0.020187296,0.935,0.020187296,0.09160641
0.013952225,0.9425,0.013952225,0.07395069,0.018430592,0.935,0.018430592,0.087204315
0.012815138,0.95625,0.012815138,0.07163521,0.012914531,0.975,0.012914531,0.07406673
0.016360423,0.95875,0.016360423,0.0796306,0.01661555,0.96,0.01661555,0.09735308
0.013984007,0.93875,0.013984007,0.07676568,0.018065974,0.95,0.018065974,0.088767536
0.012447795,0.94625,0.012447795,0.07374494,0.017141087,0.925,0.017141087,0.092703335
0.012961764,0.96625,0.012961764,0.07294321,0.013759627,0.955,0.013759627,0.077554405
0.012821747,0.95375,0.012821747,0.07712242,0.024538567,0.965,0.024538567,0.08073497
0.009934819,0.96625,0.009934819,0.06870104,0.02148979,0.98,0.02148979,0.078036055
0.014068446,0.955,0.014068446,0.07264769,0.019566216,0.96,0.019566216,0.093247354
0.016522966,0.95625,0.016522966,0.07745983,0.03082147,0.915,0.03082147,0.10999834
0.018486507,0.9425,0.018486507,0.079541035,0.02201398,0.96,0.02201398,0.089573376
0.01165431,0.94875,0.01165431,0.072067425,0.010096606,0.97,0.010096606,0.06739566
0.015232975,0.95625,0.015232975,0.075631,0.013547008,0.94,0.013547008,0.079408675
0.018395754,0.95125,0.018395754,0.080802634,0.009609648,0.97,0.009609648,0.06856136
0.015695596,0.94875,0.015695596,0.07915723,0.01926267,0.965,0.01926267,0.078628756
0.013940574,0.95125,0.013940574,0.073630325,0.011720028,0.975,0.011720028,0.07657246
0.014589411,0.9575,0.014589411,0.07382605,0.019799989,0.97,0.019799989,0.08592588
0.012662887,0.95125,0.012662887,0.07251066,0.016562706,0.975,0.016562706,0.08670225
0.015059629,0.95,0.015059629,0.074711435,0.012198777,0.975,0.012198777,0.07371192
0.02021335,0.96375,0.02021335,0.08015106,0.018896272,0.955,0.018896272,0.096934535
0.019904638,0.9475,0.019904638,0.087083265,0.016779056,0.96,0.016779056,0.09230379
0.013482264,0.94125,0.013482264,0.075081475,0.012184089,0.96,0.012184089,0.07814107
0.012851286,0.9575,0.012851286,0.07361567,0.011008159,0.97,0.011008159,0.06849184
0.009682456,0.9575,0.009682456,0.0694484,0.010397588,0.975,0.010397588,0.06692693
0.012633034,0.9725,0.012633034,0.07231632,0.01647758,0.98,0.01647758,0.07539711
0.01174291,0.95875,0.01174291,0.07019385,0.013288499,0.94,0.013288499,0.07992851
0.011746687,0.95125,0.011746687,0.072367094,0.020044317,0.9,0.020044317,0.101217106
0.011499828,0.95,0.011499828,0.07198514,0.013961711,0.945,0.013961711,0.08317624
0.014617818,0.94625,0.014617818,0.07164145,0.010805542,0.965,0.010805542,0.0746142
0.017829798,0.93875,0.017829798,0.07981587,0.01182899,0.97,0.01182899,0.07129242
0.012812156,0.96125,0.012812156,0.07203882,0.011037776,0.95,0.011037776,0.073866844
0.014616099,0.95625,0.014616099,0.072903305,0.011196474,0.98,0.011196474,0.06960045
0.01870331,0.94875,0.01870331,0.07718517,0.015678762,0.97,0.015678762,0.0745342
0.015545987,0.95125,0.015545987,0.07451107,0.0152802495,0.92,0.0152802495,0.08263025
0.020342702,0.95125,0.020342702,0.087101914,0.015306902,0.975,0.015306902,0.06653502
0.017711954,0.9475,0.017711954,0.079466835,0.007974262,0.965,0.007974262,0.06303248
0.011803014,0.95125,0.011803014,0.06998641,0.016542653,0.95,0.016542653,0.08220059
0.0121991085,0.95625,0.0121991085,0.067650765,0.012324132,0.975,0.012324132,0.075689435
0.0122193685,0.965,0.0122193685,0.071987845,0.012383905,0.97,0.012383905,0.075485066
0.01182167,0.9625,0.01182167,0.072141506,0.011885281,0.98,0.011885281,0.07488615
0.011796718,0.96125,0.011796718,0.07304713,0.013536331,0.98,0.013536331,0.07527128
0.00990546,0.96125,0.00990546,0.06646955,0.012206595,0.98,0.012206595,0.07167554
0.015018744,0.9475,0.015018744,0.07627669,0.016169626,0.925,0.016169626,0.08467031
0.012964125,0.94875,0.012964125,0.06892799,0.015525717,0.97,0.015525717,0.08029655
0.01621663,0.94125,0.01621663,0.08130345,0.014952201,0.975,0.014952201,0.08750436
0.01432139,0.955,0.01432139,0.07976485,0.017312538,0.97,0.017312538,0.091920234
0.015931757,0.955,0.015931757,0.07889258,0.016576339,0.965,0.016576339,0.09399792
0.018210009,0.95375,0.018210009,0.0817444,0.012920639,0.965,0.012920639,0.08312187
0.01634595,0.95375,0.01634595,0.076896206,0.0160535,0.95,0.0160535,0.08186003
0.0125553,0.95625,0.0125553,0.07281119,0.017508078,0.95,0.017508078,0.07577746
0.012448964,0.96,0.012448964,0.07081349,0.009976608,0.965,0.009976608,0.07486632
0.015508315,0.955,0.015508315,0.07837846,0.009640906,0.98,0.009640906,0.07192573
0.012913389,0.94875,0.012913389,0.07403025,0.01345244,0.96,0.01345244,0.08573077
0.013607335,0.95625,0.013607335,0.07197977,0.0109879235,0.985,0.0109879235,0.07627321
0.012486611,0.96125,0.012486611,0.06851302,0.011259987,0.94,0.011259987,0.07853298
0.011564553,0.95375,0.011564553,0.06570913,0.010862712,0.96,0.010862712,0.07469365
0.008970824,0.95875,0.008970824,0.06606276,0.009251169,0.97,0.009251169,0.07451094
0.011843226,0.9575,0.011843226,0.067888096,0.008653806,0.98,0.008653806,0.060572524
0.013812274,0.94625,0.013812274,0.070825,0.009337858,0.975,0.009337858,0.06568113
0.012896278,0.9575,0.012896278,0.07271305,0.012925533,0.97,0.012925533,0.08023474
0.014740399,0.9575,0.014740399,0.073404826,0.016243396,0.97,0.016243396,0.07182434
0.014488892,0.95625,0.014488892,0.07069189,0.018246168,0.96,0.018246168,0.0764217
0.0141579,0.96625,0.0141579,0.07256641,0.018772954,0.955,0.018772954,0.08007731
0.015889265,0.945,0.015889265,0.077872805,0.018061433,0.945,0.018061433,0.09286114
0.012099465,0.95625,0.012099465,0.072399765,0.012984886,0.97,0.012984886,0.077856325
0.016428098,0.94875,0.016428098,0.07675517,0.028725201,0.965,0.028725201,0.09854156
0.016822923,0.9575,0.016822923,0.0774739,0.02468552,0.975,0.02468552,0.085126095
0.014075997,0.94875,0.014075997,0.07778028,0.013085764,0.975,0.013085764,0.06564858
0.015656004,0.9575,0.015656004,0.079535015,0.02711035,0.975,0.02711035,0.08601176
0.01975175,0.96,0.01975175,0.084097296,0.0285812,0.97,0.0285812,0.076962985
0.017273193,0.95375,0.017273193,0.08044332,0.019619687,0.94,0.019619687,0.090147845
0.016259171,0.94375,0.016259171,0.083094314,0.012227862,0.965,0.012227862,0.07879866
0.015754804,0.945,0.015754804,0.07591817,0.014534806,0.975,0.014534806,0.0805146
0.013342508,0.96125,0.013342508,0.07600969,0.013099299,0.945,0.013099299,0.08163613
0.014382345,0.9475,0.014382345,0.07550505,0.008112693,0.975,0.008112693,0.06260725
0.012839123,0.95375,0.012839123,0.070819356,0.011212997,0.97,0.011212997,0.06976977
0.013780553,0.95125,0.013780553,0.07107641,0.012099325,0.965,0.012099325,0.073322214
0.015835796,0.945,0.015835796,0.07641775,0.009216603,0.955,0.009216603,0.06529475
0.0167898,0.9475,0.0167898,0.08025826,0.020302713,0.925,0.020302713,0.079912536
0.017783461,0.95,0.017783461,0.08062444,0.014380024,0.965,0.014380024,0.08585443
0.017570574,0.9575,0.017570574,0.082033284,0.014437027,0.96,0.014437027,0.077309124
0.016549716,0.9525,0.016549716,0.08454741,0.028288493,0.975,0.028288493,0.09538943
0.014035458,0.96,0.014035458,0.07356809,0.019818889,0.965,0.019818889,0.06796072
0.014141313,0.95625,0.014141313,0.072863854,0.01771366,0.96,0.01771366,0.07530934
0.012409305,0.96125,0.012409305,0.07067661,0.010971594,0.97,0.010971594,0.07235865
0.012424899,0.9525,0.012424899,0.06981116,0.012377698,0.975,0.012377698,0.08307362
0.018271407,0.9525,0.018271407,0.07986097,0.016387764,0.91,0.016387764,0.093249686
0.013825807,0.9475,0.013825807,0.07431334,0.014267342,0.955,0.014267342,0.08346553
0.013303204,0.9475,0.013303204,0.07686817,0.012269343,0.975,0.012269343,0.07468256
0.010602598,0.95875,0.010602598,0.07173715,0.016296508,0.955,0.016296508,0.092557944
0.011412378,0.9675,0.011412378,0.06844896,0.011957871,0.98,0.011957871,0.07181065
0.012268342,0.95,0.012268342,0.07139573,0.013661346,0.95,0.013661346,0.07897726
0.012895647,0.95125,0.012895647,0.06907149,0.012587342,0.965,0.012587342,0.07803927
0.011935549,0.955,0.011935549,0.069401115,0.01107955,0.96,0.01107955,0.073527075
0.011906651,0.94875,0.011906651,0.06961936,0.01292798,0.945,0.01292798,0.08014829
0.010287292,0.96125,0.010287292,0.067554384,0.012797589,0.935,0.012797589,0.084323205
0.010593815,0.9725,0.010593815,0.06566922,0.011361919,0.97,0.011361919,0.07583906
0.011828344,0.96,0.011828344,0.0694298,0.012272001,0.98,0.012272001,0.07416722
0.013604688,0.95375,0.013604688,0.07048451,0.010588321,0.975,0.010588321,0.06883688
0.011230383,0.96125,0.011230383,0.06849402,0.012277481,0.93,0.012277481,0.07363817
0.013751341,0.95375,0.013751341,0.07240651,0.02037135,0.935,0.02037135,0.0912579
0.013182399,0.96375,0.013182399,0.07514498,0.013375227,0.98,0.013375227,0.06981559
0.013583404,0.95625,0.013583404,0.0771368,0.020205293,0.96,0.020205293,0.08817294
0.012243945,0.955,0.012243945,0.07193546,0.016264314,0.975,0.016264314,0.07945558
0.013562292,0.9625,0.013562292,0.07248266,0.011339672,0.97,0.011339672,0.07102356
0.011277343,0.955,0.011277343,0.070562914,0.009347959,0.95,0.009347959,0.06637398
0.012515716,0.95375,0.012515716,0.07168743,0.011038784,0.945,0.011038784,0.072355695
0.0150690125,0.95,0.0150690125,0.07446787,0.031969123,0.95,0.031969123,0.09017305
0.017764661,0.9425,0.017764661,0.078151144,0.01606298,0.96,0.01606298,0.08280646
0.017234806,0.95125,0.017234806,0.081125066,0.022549672,0.945,0.022549672,0.08794475
0.02425681,0.93875,0.02425681,0.08984139,0.018192342,0.91,0.018192342,0.09447361
