0.13935569,0.82,0.13935569,0.2938632,0.09137275,0.8625,0.09137275,0.24320388
0.10614215,0.841125,0.10614215,0.25781474,0.08200387,0.846,0.08200387,0.22379501
0.09450477,0.84825,0.09450477,0.23955636,0.06664858,0.8585,0.06664858,0.1930857
0.08507572,0.854125,0.08507572,0.22444688,0.05297689,0.901,0.05297689,0.1718055
0.07087312,0.86975,0.07087312,0.20027177,0.03972803,0.9115,0.03972803,0.14558366
0.06660944,0.868875,0.06660944,0.18721099,0.033063572,0.9125,0.033063572,0.1303427
0.060423575,0.873375,0.060423575,0.17714725,0.030283026,0.914,0.030283026,0.12229111
0.056673337,0.88025,0.056673337,0.17167896,0.028099194,0.913,0.028099194,0.11458358
0.053161986,0.885375,0.053161986,0.16388884,0.022325663,0.92,0.022325663,0.10334506
0.050601628,0.892375,0.050601628,0.15856613,0.020843122,0.9235,0.020843122,0.09674848
0.04788795,0.89325,0.04788795,0.15354662,0.020659793,0.923,0.020659793,0.093595244
0.046799622,0.894375,0.046799622,0.15197152,0.018689476,0.9265,0.018689476,0.09133191
0.04414779,0.901375,0.04414779,0.14509463,0.016724477,0.926,0.016724477,0.082385235
0.04071264,0.903125,0.04071264,0.13858008,0.01609804,0.944,0.01609804,0.08608415
0.040665895,0.908,0.040665895,0.13781397,0.014160923,0.931,0.014160923,0.077691525
0.039555985,0.909625,0.039555985,0.13650191,0.01359757,0.935,0.01359757,0.07287309
0.037084296,0.9095,0.037084296,0.13084434,0.012730825,0.937,0.012730825,0.07066343
0.03609916,0.913125,0.03609916,0.12839025,0.013035753,0.939,0.013035753,0.06748221
0.03475569,0.91525,0.03475569,0.124870025,0.011545158,0.952,0.011545158,0.065838486
0.032559477,0.917375,0.032559477,0.12094489,0.010734821,0.9385,0.010734821,0.061100867
0.03134558,0.9215,0.03134558,0.11834665,0.010064251,0.937,0.010064251,0.060563385
0.031880133,0.918125,0.031880133,0.11868905,0.009749908,0.9375,0.009749908,0.058355793
0.029380536,0.922375,0.029380536,0.11464729,0.009787119,0.943,0.009787119,0.058540937
0.029528398,0.9235,0.029528398,0.11414053,0.008658734,0.9565,0.008658734,0.056771457
0.029230203,0.924,0.029230203,0.11278905,0.009423913,0.948,0.009423913,0.05699377
0.029298745,0.9255,0.029298745,0.1127992,0.009209202,0.9485,0.009209202,0.05792798
0.027804138,0.927125,0.027804138,0.1101697,0.0093915835,0.9405,0.0093915835,0.053904355
0.028143486,0.927,0.028143486,0.10987224,0.008521394,0.9585,0.008521394,0.052414253
0.027939143,0.9245,0.027939143,0.10980629,0.008427982,0.9535,0.008427982,0.052333347
0.02822925,0.92725,0.02822925,0.109771356,0.007813316,0.9485,0.007813316,0.0506335
0.027399907,0.927375,0.027399907,0.10868138,0.0074684103,0.958,0.0074684103,0.048633423
0.025843164,0.927125,0.025843164,0.10559631,0.0069661746,0.9535,0.0069661746,0.04844478
0.02785124,0.925625,0.02785124,0.10861974,0.008137451,0.9595,0.008137451,0.05100212
0.025267472,0.9285,0.025267472,0.10404608,0.0070104534,0.957,0.0070104534,0.04595512
0.025773454,0.926625,0.025773454,0.10458043,0.007805169,0.953,0.007805169,0.05020284
0.02476404,0.931125,0.02476404,0.10267197,0.006980614,0.9675,0.006980614,0.047041498
0.024843734,0.93125,0.024843734,0.103228964,0.0072912504,0.9595,0.0072912504,0.046958633
0.025734063,0.92325,0.025734063,0.10423446,0.007391692,0.951,0.007391692,0.053161476
0.024951255,0.9305,0.024951255,0.10301753,0.007009704,0.95,0.007009704,0.049747195
0.023400022,0.933625,0.023400022,0.10016981,0.007522264,0.955,0.007522264,0.04913403
0.02346752,0.936125,0.02346752,0.09970408,0.0065964833,0.962,0.0065964833,0.047580842
0.023345329,0.93425,0.023345329,0.099975534,0.007255884,0.955,0.007255884,0.050385684
0.023316218,0.93175,0.023316218,0.09899369,0.0061952653,0.9595,0.0061952653,0.046728987
0.023681052,0.935875,0.023681052,0.09941122,0.005777313,0.9635,0.005777313,0.044517417
0.02365408,0.93075,0.02365408,0.099132255,0.0067862007,0.9695,0.0067862007,0.046451617
0.022881424,0.936,0.022881424,0.09872286,0.0062540537,0.967,0.0062540537,0.047648832
0.022677442,0.93625,0.022677442,0.09769433,0.00616446,0.969,0.00616446,0.043932244
0.021531265,0.935625,0.021531265,0.09568359,0.0061953655,0.9665,0.0061953655,0.04095449
0.02226972,0.9345,0.02226972,0.09606674,0.0054680808,0.9685,0.0054680808,0.04327608
0.021476852,0.935875,0.021476852,0.09540164,0.00729303,0.9595,0.00729303,0.05067589
0.021081047,0.93425,0.021081047,0.09500625,0.006699745,0.973,0.006699745,0.047267027
0.021968424,0.934375,0.021968424,0.09514478,0.006185556,0.964,0.006185556,0.047499254
0.021274853,0.938125,0.021274853,0.0953083,0.006136231,0.972,0.006136231,0.04671219
0.021104464,0.942125,0.021104464,0.09503992,0.0055599585,0.9675,0.0055599585,0.043460626
0.02038142,0.9385,0.02038142,0.0929237,0.0074610733,0.9565,0.0074610733,0.047869597
0.020680739,0.9395,0.020680739,0.09314589,0.006245712,0.96,0.006245712,0.04396772
0.020257147,0.93825,0.020257147,0.09236989,0.007250021,0.9525,0.007250021,0.05209747
0.02098063,0.93875,0.02098063,0.0938057,0.0047661713,0.9565,0.0047661713,0.042378902
0.019115949,0.940375,0.019115949,0.091295846,0.005919846,0.975,0.005919846,0.04091038
0.019116975,0.939125,0.019116975,0.09032951,0.006483182,0.9685,0.006483182,0.04956865
0.01875321,0.94425,0.01875321,0.089511916,0.0069530574,0.9475,0.0069530574,0.04882756
0.019453729,0.945875,0.019453729,0.09014974,0.005949921,0.971,0.005949921,0.043345645
0.016976679,0.945,0.016976679,0.08640553,0.005234323,0.9575,0.005234323,0.044562146
0.01761553,0.943625,0.01761553,0.08825721,0.0058129313,0.9605,0.0058129313,0.046593215
0.018545507,0.946,0.018545507,0.08910301,0.005249142,0.9595,0.005249142,0.04251065
0.017935138,0.941125,0.017935138,0.08763243,0.005799123,0.9595,0.005799123,0.04621771
0.016756399,0.946375,0.016756399,0.085681304,0.0067531695,0.9565,0.0067531695,0.053528264
0.0167917,0.94275,0.0167917,0.085391976,0.005637378,0.964,0.005637378,0.044416808
0.017895134,0.944875,0.017895134,0.0871897,0.0059468504,0.9725,0.0059468504,0.048974406
0.017952284,0.944625,0.017952284,0.08792782,0.0056116735,0.976,0.0056116735,0.04550583
0.017304959,0.949125,0.017304959,0.085963346,0.004960872,0.9705,0.004960872,0.041257527
0.0165965,0.943625,0.0165965,0.08415812,0.0042813816,0.9735,0.0042813816,0.038007796
0.016202161,0.945,0.016202161,0.08345104,0.0063153673,0.963,0.0063153673,0.044409636
0.01637461,0.951375,0.01637461,0.08423943,0.0067007793,0.971,0.0067007793,0.049985588
0.016915563,0.944,0.016915563,0.084283255,0.004798139,0.9725,0.004798139,0.037857775
0.015731802,0.9435,0.015731802,0.083005175,0.0059541482,0.975,0.0059541482,0.04715185
0.015843797,0.945875,0.015843797,0.08234055,0.004761951,0.9695,0.004761951,0.042614747
0.015852828,0.9515,0.015852828,0.08256608,0.0049465434,0.969,0.0049465434,0.04258501
0.014997993,0.94925,0.014997993,0.082015924,0.006168043,0.95,0.006168043,0.051477816
0.015674587,0.946,0.015674587,0.08277395,0.0073191524,0.964,0.0073191524,0.05640945
0.014892114,0.94875,0.014892114,0.080476336,0.005521357,0.977,0.005521357,0.04255807
0.015229654,0.94875,0.015229654,0.08133263,0.0061951894,0.9565,0.0061951894,0.05255854
0.015011985,0.949,0.015011985,0.08115433,0.0052727982,0.967,0.0052727982,0.04373649
0.015561648,0.94925,0.015561648,0.08100045,0.0055144588,0.967,0.0055144588,0.045279544
0.015070358,0.94525,0.015070358,0.08090156,0.0056852144,0.961,0.0056852144,0.05070125
0.013998036,0.94975,0.013998036,0.078785256,0.004867002,0.964,0.004867002,0.04291069
0.015087834,0.94925,0.015087834,0.08029481,0.004765429,0.9715,0.004765429,0.04480818
0.014410356,0.9505,0.014410356,0.07979335,0.0060214372,0.9595,0.0060214372,0.04444283
0.013770805,0.952625,0.013770805,0.07712626,0.005092162,0.963,0.005092162,0.045689385
0.014866106,0.945625,0.014866106,0.07990345,0.005012888,0.965,0.005012888,0.04615953
0.0147998715,0.946875,0.0147998715,0.0784982,0.0056172553,0.9685,0.0056172553,0.047183055
0.014244725,0.9515,0.014244725,0.07929553,0.004531056,0.9685,0.004531056,0.03942733
0.014156355,0.950625,0.014156355,0.07824443,0.0044007986,0.973,0.0044007986,0.041106183
0.013911946,0.946875,0.013911946,0.077522844,0.003920071,0.9705,0.003920071,0.036308777
0.013878636,0.952375,0.013878636,0.0768604,0.0050537125,0.971,0.0050537125,0.046718393
0.014017304,0.951,0.014017304,0.07809153,0.0048510325,0.972,0.0048510325,0.0441335
0.013670284,0.95425,0.013670284,0.07632479,0.0058083143,0.969,0.0058083143,0.042167775
0.013245565,0.951625,0.013245565,0.07649393,0.0059540006,0.967,0.0059540006,0.048782453
0.012933788,0.952125,0.012933788,0.07579365,0.006187512,0.964,0.006187512,0.046421967
0.013020205,0.950375,0.013020205,0.075535774,0.005326916,0.971,0.005326916,0.04100688
0.014350782,0.952,0.014350782,0.0768899,0.0042587495,0.969,0.0042587495,0.041010447
0.013956524,0.946625,0.013956524,0.07694304,0.0044935853,0.9665,0.0044935853,0.040489767
0.013774959,0.951875,0.013774959,0.075921334,0.0048604747,0.961,0.0048604747,0.042757984
0.014245577,0.95075,0.014245577,0.075970605,0.004052806,0.966,0.004052806,0.039953403
0.0130057335,0.952125,0.0130057335,0.07514947,0.0054878667,0.969,0.0054878667,0.046745904
0.012319142,0.952875,0.012319142,0.0741023,0.0051399204,0.9725,0.0051399204,0.042694557
0.012643672,0.949,0.012643672,0.074015595,0.0052421554,0.973,0.0052421554,0.048026614
0.013635855,0.95125,0.013635855,0.0757109,0.0046404004,0.971,0.0046404004,0.042262822
0.0130036995,0.953125,0.0130036995,0.074505225,0.00455955,0.9705,0.00455955,0.04163464
0.012938961,0.953625,0.012938961,0.07442867,0.00688048,0.9625,0.00688048,0.059407003
0.01312688,0.95325,0.01312688,0.07400216,0.005153087,0.9555,0.005153087,0.047462266
0.012356763,0.956875,0.012356763,0.07358108,0.005080951,0.9795,0.005080951,0.045555297
0.012986357,0.95225,0.012986357,0.07417651,0.0053028283,0.974,0.0053028283,0.044785805
0.013671851,0.950625,0.013671851,0.075923845,0.004372102,0.9725,0.004372102,0.0424551
0.012773395,0.953625,0.012773395,0.07434444,0.0062448615,0.975,0.0062448615,0.048886154
0.013326528,0.952375,0.013326528,0.07504271,0.0044197687,0.976,0.0044197687,0.043118116
0.013272103,0.9495,0.013272103,0.07433141,0.0042541507,0.975,0.0042541507,0.041059673
0.012459257,0.953625,0.012459257,0.07348199,0.0043726997,0.9685,0.0043726997,0.037488606
0.011685897,0.95575,0.011685897,0.07206006,0.004077287,0.976,0.004077287,0.039570328
0.0123652695,0.95125,0.0123652695,0.07264982,0.0057482976,0.9725,0.0057482976,0.05122554
0.012097922,0.954,0.012097922,0.07291546,0.0055033197,0.97,0.0055033197,0.048265655
0.012703716,0.95325,0.012703716,0.073041365,0.0046794694,0.971,0.0046794694,0.04550128
0.012640608,0.957625,0.012640608,0.07275742,0.0068133622,0.973,0.0068133622,0.04653783
0.0123096835,0.95525,0.0123096835,0.07335355,0.004953853,0.97,0.004953853,0.04272833
0.011971771,0.95325,0.011971771,0.071620345,0.0042529525,0.9735,0.0042529525,0.039252102
0.012104663,0.955,0.012104663,0.07172698,0.0052030333,0.9695,0.0052030333,0.046041984
0.0121283475,0.95325,0.0121283475,0.07170144,0.005602638,0.9655,0.005602638,0.053669505
0.011754679,0.9535,0.011754679,0.07215381,0.0066075344,0.9715,0.0066075344,0.059256785
0.012624766,0.95425,0.012624766,0.072105974,0.0046237987,0.9715,0.0046237987,0.039408524
0.012083914,0.950625,0.012083914,0.071806885,0.0047991057,0.972,0.0047991057,0.044338424
0.012431356,0.949625,0.012431356,0.072877795,0.0060143615,0.9745,0.0060143615,0.04561192
0.011726565,0.957,0.011726565,0.07203334,0.0055359383,0.976,0.0055359383,0.048117757
0.011584748,0.957375,0.011584748,0.071014,0.0050924104,0.969,0.0050924104,0.04673095
0.0124362875,0.955,0.0124362875,0.071848266,0.0047988826,0.9625,0.0047988826,0.04623626
0.01141903,0.952875,0.01141903,0.07049001,0.0058159707,0.976,0.0058159707,0.0423796
0.012262041,0.95375,0.012262041,0.07184075,0.004763791,0.9675,0.004763791,0.043881252
0.011554942,0.95975,0.011554942,0.0708517,0.004162645,0.9735,0.004162645,0.039536823
0.011499163,0.956125,0.011499163,0.070106715,0.004504653,0.9715,0.004504653,0.041066036
0.011365363,0.955,0.011365363,0.07019495,0.004450873,0.9685,0.004450873,0.042359833
0.011573792,0.955625,0.011573792,0.07055338,0.00422889,0.973,0.00422889,0.042806197
0.011782218,0.951625,0.011782218,0.070724435,0.005033896,0.975,0.005033896,0.043727357
0.012157357,0.953,0.012157357,0.070781335,0.0053620874,0.9675,0.0053620874,0.0457815
0.012172694,0.95575,0.012172694,0.07199559,0.0049438663,0.9805,0.0049438663,0.04197701
0.0117123155,0.9545,0.0117123155,0.07130769,0.0050969645,0.969,0.0050969645,0.04389618
0.0112593165,0.958375,0.0112593165,0.070298895,0.005219779,0.975,0.005219779,0.04582062
0.011581634,0.953375,0.011581634,0.07018308,0.0040353807,0.973,0.0040353807,0.039474756
0.0112698395,0.956,0.0112698395,0.06989732,0.0039538057,0.978,0.0039538057,0.034850605
0.011809429,0.954,0.011809429,0.07088561,0.0049792132,0.9795,0.0049792132,0.04805094
0.011952799,0.954375,0.011952799,0.07107505,0.0047845063,0.9675,0.0047845063,0.048800945
0.01198601,0.953125,0.01198601,0.07033122,0.00411118,0.9715,0.00411118,0.041609496
0.011072831,0.956,0.011072831,0.06937055,0.004451756,0.9705,0.004451756,0.038637012
0.0128132375,0.953,0.0128132375,0.071753055,0.004365512,0.9615,0.004365512,0.039159346
0.01062102,0.95825,0.01062102,0.068819284,0.006000873,0.963,0.006000873,0.053794056
0.011379247,0.955125,0.011379247,0.0700997,0.0046208375,0.971,0.0046208375,0.04251314
0.010302033,0.9545,0.010302033,0.068102494,0.006427522,0.9635,0.006427522,0.049308747
0.011153426,0.9555,0.011153426,0.06869,0.005011536,0.972,0.005011536,0.049689736
0.011183116,0.955125,0.011183116,0.069276705,0.004957858,0.976,0.004957858,0.042558294
0.011724927,0.954875,0.011724927,0.07017055,0.004496078,0.9755,0.004496078,0.046981335
0.0110345995,0.9565,0.0110345995,0.0687354,0.0032979674,0.979,0.0032979674,0.035763886
0.011430749,0.95525,0.011430749,0.06948529,0.0042311116,0.9745,0.0042311116,0.039827067
0.010872128,0.956625,0.010872128,0.06795489,0.0032994745,0.976,0.0032994745,0.0354439
0.010666197,0.958375,0.010666197,0.06831886,0.0041949144,0.9675,0.0041949144,0.042677417
0.011467087,0.9575,0.011467087,0.06957932,0.0071447524,0.966,0.0071447524,0.047881935
0.012042112,0.95475,0.012042112,0.070587404,0.005730942,0.969,0.005730942,0.04550426
0.011137935,0.955125,0.011137935,0.06896938,0.004245005,0.9725,0.004245005,0.04247628
0.011051242,0.955375,0.011051242,0.06912077,0.0051628617,0.974,0.0051628617,0.04709745
0.010815068,0.959,0.010815068,0.06834957,0.005856666,0.97,0.005856666,0.049369793
0.011378751,0.958125,0.011378751,0.06928276,0.0037020545,0.9765,0.0037020545,0.035944685
0.010583271,0.958,0.010583271,0.068110265,0.0048349025,0.979,0.0048349025,0.040141508
0.011447997,0.9535,0.011447997,0.06970903,0.0035836664,0.9785,0.0035836664,0.03844669
0.011211498,0.95925,0.011211498,0.06884719,0.0048114243,0.9845,0.0048114243,0.039214436
0.010675007,0.95525,0.010675007,0.06848554,0.004609897,0.9715,0.004609897,0.045074448
0.011605907,0.957125,0.011605907,0.069309376,0.0058160517,0.9725,0.0058160517,0.05088208
0.010938714,0.957,0.010938714,0.068841614,0.0047733453,0.9665,0.0047733453,0.039848767
0.010639082,0.956875,0.010639082,0.06772752,0.005049396,0.975,0.005049396,0.045458186
0.0109903095,0.95525,0.0109903095,0.06801583,0.004058383,0.972,0.004058383,0.044264827
0.011525937,0.9575,0.011525937,0.0694184,0.004620764,0.9735,0.004620764,0.045733474
0.010576205,0.9555,0.010576205,0.06805387,0.0047112904,0.9685,0.0047112904,0.046944674
0.01022202,0.9595,0.01022202,0.067164935,0.005326614,0.9705,0.005326614,0.048662562
0.011474285,0.9555,0.011474285,0.06854882,0.004363325,0.9755,0.004363325,0.0449993
0.010616033,0.95725,0.010616033,0.06755278,0.005175115,0.973,0.005175115,0.046628173
0.011012042,0.95475,0.011012042,0.068342075,0.0050213845,0.9725,0.0050213845,0.047675136
0.0109530445,0.956875,0.0109530445,0.06693429,0.0049075466,0.974,0.0049075466,0.041208908
0.01128708,0.95325,0.01128708,0.06862899,0.004695455,0.972,0.004695455,0.048384186
0.010879916,0.953875,0.010879916,0.06822004,0.0043104347,0.9795,0.0043104347,0.039461486
0.01070066,0.95675,0.01070066,0.06750461,0.0056504793,0.9705,0.0056504793,0.04691335
0.010186044,0.962375,0.010186044,0.06628434,0.0045905276,0.9685,0.0045905276,0.042652067
0.010852524,0.96,0.010852524,0.06746763,0.0039740577,0.9775,0.0039740577,0.040309947
0.010598181,0.95875,0.010598181,0.06757739,0.005578355,0.9725,0.005578355,0.050781168
0.010400014,0.95925,0.010400014,0.06656833,0.0051374407,0.9615,0.0051374407,0.04712358
0.010364001,0.959125,0.010364001,0.06751412,0.003686987,0.9795,0.003686987,0.036511164
0.010493083,0.95825,0.010493083,0.06725015,0.0053389203,0.9685,0.0053389203,0.04663184
0.010499083,0.957375,0.010499083,0.06715817,0.0055528986,0.968,0.0055528986,0.047361724
0.010771666,0.956,0.010771666,0.0678843,0.004808907,0.9675,0.004808907,0.05001759
0.011355796,0.957125,0.011355796,0.06800387,0.0045745876,0.9765,0.0045745876,0.04673014
0.010817643,0.9575,0.010817643,0.06730289,0.0048070448,0.9685,0.0048070448,0.04447711
0.010602689,0.95475,0.010602689,0.067738794,0.004950882,0.975,0.004950882,0.044678573
0.010591793,0.96,0.010591793,0.06751866,0.004405717,0.969,0.004405717,0.04316549
0.010092114,0.956375,0.010092114,0.06633772,0.0056574196,0.972,0.0056574196,0.05026883
0.0102563165,0.95725,0.0102563165,0.06632361,0.005125538,0.976,0.005125538,0.046373688
0.01098539,0.955125,0.01098539,0.06841166,0.0044496832,0.977,0.0044496832,0.040622685
0.01007813,0.95025,0.01007813,0.06620083,0.0043078004,0.9725,0.0043078004,0.046179164
0.010421576,0.958625,0.010421576,0.06670329,0.0056286436,0.9715,0.0056286436,0.051084634
0.010209718,0.954,0.010209718,0.066377334,0.0043048426,0.9815,0.0043048426,0.04287446
0.009974767,0.9565,0.009974767,0.06635774,0.004996657,0.9795,0.004996657,0.045201696
0.01122412,0.955125,0.01122412,0.06819302,0.004848904,0.948,0.004848904,0.043562457
0.010171444,0.95525,0.010171444,0.06630947,0.0057554413,0.9705,0.0057554413,0.050113812
0.011183819,0.959,0.011183819,0.06802309,0.004643524,0.979,0.004643524,0.042841792
0.010348568,0.956875,0.010348568,0.06694073,0.005476504,0.97,0.005476504,0.048190273
0.010550144,0.960375,0.010550144,0.067039184,0.00609214,0.9745,0.00609214,0.047002703
0.010222242,0.95775,0.010222242,0.06631812,0.004190174,0.978,0.004190174,0.04007628
0.010213919,0.9565,0.010213919,0.06641516,0.005244559,0.957,0.005244559,0.046893574
0.010078852,0.957875,0.010078852,0.06599102,0.0038371987,0.975,0.0038371987,0.04184748
0.011163957,0.955,0.011163957,0.0675351,0.004336357,0.9805,0.004336357,0.04432517
0.010119404,0.958125,0.010119404,0.066194035,0.0053218133,0.977,0.0053218133,0.046781152
0.01015202,0.95825,0.01015202,0.06638485,0.0039847563,0.9765,0.0039847563,0.04383195
0.010557972,0.9605,0.010557972,0.0669608,0.005133558,0.9665,0.005133558,0.04814956
0.009934725,0.95975,0.009934725,0.06505116,0.0052311826,0.9785,0.0052311826,0.044763766
0.010826009,0.9575,0.010826009,0.06707334,0.0043202625,0.974,0.0043202625,0.041504223
0.010567298,0.95575,0.010567298,0.066535056,0.00505096,0.966,0.00505096,0.048953
0.010379537,0.95725,0.010379537,0.06669672,0.005635272,0.9705,0.005635272,0.05279223
0.0089639,0.9595,0.0089639,0.06410363,0.0046723057,0.9725,0.0046723057,0.046042968
0.009632881,0.95925,0.009632881,0.06506403,0.003956047,0.9725,0.003956047,0.042745523
0.0109073045,0.955375,0.0109073045,0.06696224,0.005335635,0.978,0.005335635,0.049050577
0.009757829,0.958625,0.009757829,0.06594444,0.0047595915,0.971,0.0047595915,0.048167497
0.010268595,0.957625,0.010268595,0.06620095,0.0042658257,0.9765,0.0042658257,0.040907655
0.010082782,0.958125,0.010082782,0.06565202,0.0053100577,0.9675,0.0053100577,0.044228256
0.009412925,0.96125,0.009412925,0.064856544,0.005495069,0.977,0.005495069,0.045170225
0.010059934,0.95875,0.010059934,0.06586627,0.005434206,0.971,0.005434206,0.05101065
0.009317423,0.95875,0.009317423,0.06470993,0.00451357,0.9805,0.00451357,0.041556943
0.009434849,0.958625,0.009434849,0.0641436,0.005890921,0.9685,0.005890921,0.05322541
0.009602588,0.958625,0.009602588,0.0652302,0.0055538523,0.9715,0.0055538523,0.043945227
0.009763358,0.9595,0.009763358,0.06541818,0.0062429034,0.9665,0.0062429034,0.053200144
0.0101563055,0.96025,0.0101563055,0.06588574,0.0033200623,0.9785,0.0033200623,0.037960075
0.010699181,0.956375,0.010699181,0.06741923,0.003720845,0.9715,0.003720845,0.04004462
0.01014244,0.95575,0.01014244,0.065489195,0.005220172,0.98,0.005220172,0.045293964
0.0093632415,0.959875,0.0093632415,0.064735934,0.0040179896,0.9785,0.0040179896,0.04348279
0.009968715,0.9625,0.009968715,0.06598834,0.0047616567,0.971,0.0047616567,0.04969593
0.009805553,0.9575,0.009805553,0.06521291,0.0054584723,0.9685,0.0054584723,0.045451008
0.009864208,0.958375,0.009864208,0.065483086,0.0044385833,0.9735,0.0044385833,0.047969315
0.010315397,0.956375,0.010315397,0.06485847,0.004722316,0.9745,0.004722316,0.039926022
0.009527263,0.956125,0.009527263,0.06498305,0.005192973,0.972,0.005192973,0.04480369
0.010165832,0.956375,0.010165832,0.06614613,0.0064790417,0.9735,0.0064790417,0.05313644
0.010711418,0.961875,0.010711418,0.0666565,0.0060333763,0.974,0.0060333763,0.048271783
0.009896448,0.96325,0.009896448,0.065260895,0.0045602433,0.9785,0.0045602433,0.04454644
0.010575695,0.95675,0.010575695,0.066597566,0.0047165463,0.9765,0.0047165463,0.044038992
0.009779442,0.959375,0.009779442,0.065729395,0.0042150747,0.981,0.0042150747,0.041349083
0.009316339,0.96125,0.009316339,0.06395029,0.0052247196,0.969,0.0052247196,0.04252794
0.010304345,0.959875,0.010304345,0.06597723,0.005860405,0.972,0.005860405,0.05122778
0.0091914665,0.961125,0.0091914665,0.06461339,0.0047943788,0.966,0.0047943788,0.04729116
0.010775835,0.959375,0.010775835,0.0666449,0.0040478283,0.979,0.0040478283,0.0403005
0.009371906,0.95825,0.009371906,0.063860744,0.005002446,0.973,0.005002446,0.047226902
0.010128564,0.95925,0.010128564,0.06521727,0.004635536,0.9805,0.004635536,0.042159036
0.00959434,0.95875,0.00959434,0.06511575,0.0037669595,0.9685,0.0037669595,0.041450854
0.009834855,0.95475,0.009834855,0.06444814,0.005736081,0.968,0.005736081,0.055071782
0.010309176,0.955375,0.010309176,0.065610334,0.003997616,0.982,0.003997616,0.04195216
0.009270458,0.95925,0.009270458,0.06419793,0.0046065543,0.9785,0.0046065543,0.04184531
0.009638371,0.957625,0.009638371,0.06446693,0.0037089745,0.975,0.0037089745,0.038931135
0.010139715,0.958,0.010139715,0.06499996,0.004869894,0.973,0.004869894,0.049809154
0.010531719,0.958125,0.010531719,0.06588287,0.004431124,0.972,0.004431124,0.04632591
0.009512205,0.958375,0.009512205,0.063825384,0.0047009797,0.962,0.0047009797,0.04992166
0.009891295,0.9565,0.009891295,0.06538736,0.0044234074,0.9765,0.0044234074,0.0405707
0.0095738,0.9595,0.0095738,0.0646284,0.004770091,0.9725,0.004770091,0.047103375
0.009901733,0.96,0.009901733,0.06484315,0.004978545,0.974,0.004978545,0.046954084
0.009953489,0.9615,0.009953489,0.064971186,0.005309953,0.966,0.005309953,0.04462855
0.009827859,0.95775,0.009827859,0.06471017,0.004750312,0.9765,0.004750312,0.044673953
0.010135897,0.95925,0.010135897,0.065128334,0.0049456335,0.9805,0.0049456335,0.044355236
0.010084215,0.95725,0.010084215,0.0651977,0.0041487776,0.9785,0.0041487776,0.043847997
0.009585507,0.958875,0.009585507,0.064323395,0.004243333,0.9795,0.004243333,0.04115053
0.009537278,0.958875,0.009537278,0.064072184,0.004948844,0.979,0.004948844,0.043175545
0.010021569,0.958125,0.010021569,0.064945675,0.004502531,0.978,0.004502531,0.043966614
0.009174474,0.95625,0.009174474,0.06387422,0.004022381,0.9745,0.004022381,0.04442133
0.009766459,0.957125,0.009766459,0.06417654,0.005542152,0.9715,0.005542152,0.051247545
0.009290506,0.96025,0.009290506,0.06462378,0.004686875,0.9795,0.004686875,0.043903615
0.008868536,0.961625,0.008868536,0.06331801,0.003977802,0.9775,0.003977802,0.041096795
0.010424225,0.957875,0.010424225,0.06476517,0.0049733985,0.9795,0.0049733985,0.04239209
0.009157963,0.96075,0.009157963,0.063532546,0.0050710263,0.975,0.0050710263,0.04293091
0.009614237,0.95825,0.009614237,0.064168185,0.006470199,0.9765,0.006470199,0.051714003
0.009344158,0.95975,0.009344158,0.06318339,0.0045563574,0.9765,0.0045563574,0.041415103
0.009521368,0.95825,0.009521368,0.06374696,0.00442507,0.977,0.00442507,0.041330025
0.009642509,0.959125,0.009642509,0.064320624,0.0045259143,0.973,0.0045259143,0.04188024
0.010677628,0.957375,0.010677628,0.06537198,0.0042809537,0.959,0.0042809537,0.043011837
0.010003914,0.9585,0.010003914,0.065079026,0.0054340907,0.9715,0.0054340907,0.054531958
0.009358977,0.958125,0.009358977,0.06401789,0.005010289,0.971,0.005010289,0.043395653
0.009376147,0.96025,0.009376147,0.06322361,0.005380531,0.974,0.005380531,0.046436902
0.0092867045,0.96025,0.0092867045,0.06351271,0.004779845,0.974,0.004779845,0.04581381
0.009988841,0.959625,0.009988841,0.065011635,0.0049232924,0.968,0.0049232924,0.047722954
0.008977979,0.959125,0.008977979,0.06302121,0.005515955,0.979,0.005515955,0.052837383
0.0091066575,0.962125,0.0091066575,0.06359245,0.00498273,0.975,0.00498273,0.046406563
0.009795698,0.9615,0.009795698,0.06472661,0.0058022374,0.9675,0.0058022374,0.049595974
0.009941162,0.958625,0.009941162,0.064743504,0.004858363,0.9735,0.004858363,0.044221777
0.009104408,0.958375,0.009104408,0.06376288,0.0055319336,0.975,0.0055319336,0.050968815
0.008967298,0.959125,0.008967298,0.063781336,0.0043110666,0.9785,0.0043110666,0.04164862
0.009929108,0.95825,0.009929108,0.064340964,0.004183992,0.9785,0.004183992,0.04165868
0.009223343,0.958375,0.009223343,0.06359043,0.0052551236,0.955,0.0052551236,0.04788707
0.00913116,0.9595,0.00913116,0.06308188,0.0062802737,0.9765,0.0062802737,0.05115897
0.010035153,0.958125,0.010035153,0.06434651,0.0042866366,0.9785,0.0042866366,0.040505536
0.009450191,0.96,0.009450191,0.06444784,0.0052103284,0.978,0.0052103284,0.045621835
0.010149308,0.957625,0.010149308,0.065689944,0.004415057,0.982,0.004415057,0.04563729
0.009059824,0.961,0.009059824,0.06266678,0.0041365284,0.9815,0.0041365284,0.04275606
0.009307634,0.957375,0.009307634,0.063179925,0.004915123,0.977,0.004915123,0.046625655
0.009411268,0.95625,0.009411268,0.06346057,0.005584704,0.9705,0.005584704,0.05094542
0.009797662,0.958,0.009797662,0.06448615,0.004018023,0.9845,0.004018023,0.041874636
0.009802991,0.958375,0.009802991,0.06367819,0.004078088,0.982,0.004078088,0.04028427
0.009298507,0.958875,0.009298507,0.06372104,0.006463962,0.976,0.006463962,0.05619144
0.009114054,0.960875,0.009114054,0.0634212,0.0043713506,0.9735,0.0043713506,0.04255282
0.009607912,0.959875,0.009607912,0.06450156,0.004861062,0.965,0.004861062,0.049148787
0.009660263,0.957375,0.009660263,0.0638165,0.0050283642,0.971,0.0050283642,0.04696727
0.010152791,0.959875,0.010152791,0.064263165,0.0062072366,0.9525,0.0062072366,0.059721038
0.00958407,0.95725,0.00958407,0.064644024,0.0035899912,0.9735,0.0035899912,0.040409308
0.009340713,0.9595,0.009340713,0.06396714,0.0049560815,0.975,0.0049560815,0.043186158
0.009267872,0.95925,0.009267872,0.063414186,0.0038239376,0.978,0.0038239376,0.039292336
0.009621017,0.955875,0.009621017,0.06424195,0.006825514,0.9755,0.006825514,0.052436374
0.008848085,0.959875,0.008848085,0.062867016,0.005087275,0.9765,0.005087275,0.04757624
0.010129666,0.956625,0.010129666,0.06397313,0.0044415,0.981,0.0044415,0.045964334
0.009419261,0.956875,0.009419261,0.064476624,0.0059360405,0.974,0.0059360405,0.052135725
0.010071064,0.961875,0.010071064,0.06466559,0.004161274,0.977,0.004161274,0.039466944
0.009019513,0.960375,0.009019513,0.06304006,0.0039978023,0.969,0.0039978023,0.044558246
0.009893856,0.959625,0.009893856,0.06438469,0.0065987236,0.971,0.0065987236,0.05151857
0.009395765,0.959,0.009395765,0.064477965,0.0062092063,0.967,0.0062092063,0.050126698
0.009132959,0.96025,0.009132959,0.06335087,0.004606398,0.9745,0.004606398,0.045886848
0.009959166,0.962,0.009959166,0.06447414,0.005301517,0.976,0.005301517,0.049247824
0.009541597,0.957875,0.009541597,0.06336318,0.0058795996,0.9795,0.0058795996,0.049957912
0.009607546,0.959,0.009607546,0.06402244,0.005939159,0.971,0.005939159,0.052571297
0.009097046,0.957,0.009097046,0.063247636,0.005969253,0.969,0.005969253,0.049034648
0.008921578,0.960625,0.008921578,0.062319115,0.005315098,0.971,0.005315098,0.048198897
0.009097929,0.958375,0.009097929,0.06331198,0.006663514,0.9765,0.006663514,0.056708172
0.009352039,0.962875,0.009352039,0.06337806,0.006533393,0.9705,0.006533393,0.05120625
0.009810416,0.957625,0.009810416,0.063904226,0.005406088,0.9815,0.005406088,0.04818798
0.008563344,0.957125,0.008563344,0.06271877,0.0046387035,0.978,0.0046387035,0.04601556
0.009167402,0.960125,0.009167402,0.06316676,0.0066850134,0.9765,0.0066850134,0.056631636
0.008841084,0.961125,0.008841084,0.062524796,0.0032996594,0.9835,0.0032996594,0.039228883
0.009070148,0.959375,0.009070148,0.06298808,0.0055298577,0.9775,0.0055298577,0.043909308
0.0099877305,0.959375,0.0099877305,0.06461792,0.005936826,0.973,0.005936826,0.05604766
0.00940983,0.959625,0.00940983,0.06282991,0.00569489,0.984,0.00569489,0.047144465
0.009349488,0.958875,0.009349488,0.06400331,0.006133314,0.969,0.006133314,0.05340874
0.009857666,0.95775,0.009857666,0.06411343,0.0044257785,0.982,0.0044257785,0.038622554
0.010553343,0.95825,0.010553343,0.06506212,0.004902515,0.9785,0.004902515,0.03697009
0.009589348,0.961125,0.009589348,0.063486055,0.005770753,0.9735,0.005770753,0.050415736
0.00924005,0.9575,0.00924005,0.06354487,0.0057014166,0.979,0.0057014166,0.052622825
0.009662568,0.9575,0.009662568,0.06367914,0.0057774773,0.9755,0.0057774773,0.043677416
0.009948846,0.959875,0.009948846,0.06432119,0.004927406,0.979,0.004927406,0.044076398
0.009655759,0.958,0.009655759,0.06333744,0.004010593,0.975,0.004010593,0.043743435
0.008858266,0.9595,0.008858266,0.06285797,0.0057624443,0.978,0.0057624443,0.050849274
0.009356397,0.958,0.009356397,0.06322679,0.0051909206,0.9745,0.0051909206,0.045701932
0.008385486,0.961375,0.008385486,0.061526205,0.004966504,0.974,0.004966504,0.0461156
0.009602795,0.959375,0.009602795,0.06377274,0.005076144,0.975,0.005076144,0.047463395
0.009378393,0.96025,0.009378393,0.062551774,0.00523159,0.9765,0.00523159,0.047211833
0.009664897,0.960875,0.009664897,0.06363888,0.005542554,0.9825,0.005542554,0.045792963
0.009384896,0.960625,0.009384896,0.0628826,0.0034694246,0.978,0.0034694246,0.038870648
0.009645285,0.959125,0.009645285,0.06400145,0.0050418656,0.9775,0.0050418656,0.04487287
0.009484688,0.959375,0.009484688,0.06351243,0.0051009166,0.973,0.0051009166,0.04736435
0.010111314,0.9595,0.010111314,0.06410264,0.0050534806,0.977,0.0050534806,0.043232687
0.009666158,0.9605,0.009666158,0.063374035,0.0046483986,0.98,0.0046483986,0.046970394
0.009257065,0.95725,0.009257065,0.06326784,0.004235159,0.956,0.004235159,0.04345213
0.008721387,0.958625,0.008721387,0.06258097,0.0047433176,0.972,0.0047433176,0.045528162
0.008667838,0.959875,0.008667838,0.06204281,0.006580564,0.976,0.006580564,0.05229556
0.009193066,0.956625,0.009193066,0.06287415,0.0055827145,0.978,0.0055827145,0.048057012
0.009406827,0.958,0.009406827,0.062989816,0.007839128,0.9715,0.007839128,0.057098154
0.008786151,0.96025,0.008786151,0.062422663,0.005499952,0.9805,0.005499952,0.048801545
0.009862457,0.958875,0.009862457,0.06456396,0.0042021843,0.9755,0.0042021843,0.0416181
0.009566371,0.959875,0.009566371,0.06304715,0.004063615,0.978,0.004063615,0.044354778
0.008898406,0.957375,0.008898406,0.062868394,0.005534484,0.976,0.005534484,0.04773267
0.0093896445,0.961375,0.0093896445,0.06319115,0.0054331715,0.9745,0.0054331715,0.049851716
0.00824111,0.961875,0.00824111,0.06182827,0.0047116103,0.9795,0.0047116103,0.045036074
0.0088731535,0.96325,0.0088731535,0.06234025,0.0052800006,0.981,0.0052800006,0.051689144
0.008560963,0.96225,0.008560963,0.06237614,0.0053983787,0.982,0.0053983787,0.04657748
0.009309668,0.957875,0.009309668,0.06313008,0.003924503,0.981,0.003924503,0.04032115
0.009154366,0.96,0.009154366,0.063147694,0.004966862,0.97,0.004966862,0.048691656
0.009726322,0.957625,0.009726322,0.063615374,0.0046746517,0.979,0.0046746517,0.045047022
0.00967718,0.960625,0.00967718,0.0632359,0.0074256584,0.9705,0.0074256584,0.052766368
0.009600054,0.9555,0.009600054,0.06393332,0.0055238553,0.968,0.0055238553,0.053009003
0.008788509,0.9595,0.008788509,0.06254385,0.0052525904,0.9765,0.0052525904,0.046558417
0.009401395,0.958875,0.009401395,0.06381428,0.0044911457,0.979,0.0044911457,0.043614548
0.008923773,0.962,0.008923773,0.06312251,0.0047070854,0.982,0.0047070854,0.042131204
0.008516004,0.962,0.008516004,0.06106408,0.0053436123,0.976,0.0053436123,0.043905303
0.008571094,0.959125,0.008571094,0.062062524,0.0055360366,0.976,0.0055360366,0.04970609
0.009152926,0.96125,0.009152926,0.062498387,0.005753627,0.981,0.005753627,0.05078567
0.0086066965,0.959875,0.0086066965,0.061938666,0.0054144473,0.9695,0.0054144473,0.049623363
0.008356431,0.96075,0.008356431,0.06267915,0.0048114313,0.9775,0.0048114313,0.050083995
0.009239359,0.958375,0.009239359,0.062870435,0.0061227446,0.9675,0.0061227446,0.051226046
0.008581424,0.9615,0.008581424,0.06211531,0.0058611175,0.9785,0.0058611175,0.04757478
0.008978578,0.962625,0.008978578,0.06261485,0.005902643,0.9775,0.005902643,0.05113136
0.009069214,0.961125,0.009069214,0.0620044,0.0058569876,0.9755,0.0058569876,0.054729786
0.009154802,0.9615,0.009154802,0.0624275,0.006013603,0.979,0.006013603,0.049687035
0.008712163,0.957375,0.008712163,0.06167097,0.004796524,0.9745,0.004796524,0.046883084
0.009253054,0.9595,0.009253054,0.06245109,0.00557554,0.978,0.00557554,0.049627252
0.009085176,0.95925,0.009085176,0.062456075,0.005496814,0.9685,0.005496814,0.052815083
0.009480461,0.955875,0.009480461,0.06349334,0.004907816,0.9725,0.004907816,0.048368383
0.009160943,0.957875,0.009160943,0.06285944,0.005776533,0.971,0.005776533,0.052923135
0.009577014,0.959,0.009577014,0.06338907,0.0055556134,0.9645,0.0055556134,0.05036469
0.008779512,0.958375,0.008779512,0.062035102,0.0056975246,0.978,0.0056975246,0.0503246
0.009221408,0.9595,0.009221408,0.062839955,0.0045990786,0.9785,0.0045990786,0.043080755
0.009294849,0.958375,0.009294849,0.06335131,0.004767072,0.9815,0.004767072,0.038879015
0.0084877685,0.960625,0.0084877685,0.061188888,0.0055821207,0.9795,0.0055821207,0.049367134
0.008952071,0.959875,0.008952071,0.061872955,0.0056804777,0.967,0.0056804777,0.04926
0.009252759,0.960875,0.009252759,0.062872104,0.0048978655,0.981,0.0048978655,0.045596663
0.009339013,0.959375,0.009339013,0.062428564,0.0070595006,0.9765,0.0070595006,0.052013926
0.008919922,0.959125,0.008919922,0.06264368,0.0052732825,0.9815,0.0052732825,0.04553682
0.009373363,0.961,0.009373363,0.06258071,0.0053059803,0.9745,0.0053059803,0.05148373
0.008903927,0.961125,0.008903927,0.06287981,0.0055440343,0.9715,0.0055440343,0.0489572
0.009773998,0.957875,0.009773998,0.06454581,0.0048548514,0.9735,0.0048548514,0.045146994
0.009445098,0.961125,0.009445098,0.06346892,0.0052958685,0.9715,0.0052958685,0.0504875
0.009418009,0.9595,0.009418009,0.062966734,0.005287524,0.9775,0.005287524,0.047674324
0.009751738,0.958375,0.009751738,0.063324414,0.0061856317,0.9695,0.0061856317,0.056022048
0.00919194,0.96025,0.00919194,0.062588856,0.004446563,0.9725,0.004446563,0.039170068
0.009241187,0.95925,0.009241187,0.062939435,0.0038448262,0.9815,0.0038448262,0.03770169
0.009048211,0.957625,0.009048211,0.062215745,0.0067097587,0.9725,0.0067097587,0.05490864
0.009604201,0.958875,0.009604201,0.06322258,0.006932218,0.9725,0.006932218,0.055094372
0.008989879,0.960625,0.008989879,0.062974654,0.005011565,0.98,0.005011565,0.046531823
0.009133006,0.9575,0.009133006,0.06340437,0.0057949265,0.9785,0.0057949265,0.050623965
0.008653828,0.959,0.008653828,0.061653994,0.004718329,0.977,0.004718329,0.04463305
0.008922852,0.963,0.008922852,0.0617984,0.00667634,0.9755,0.00667634,0.0566551
0.00918068,0.960125,0.00918068,0.06285043,0.006755146,0.981,0.006755146,0.05333961
0.0093235,0.958625,0.0093235,0.062988065,0.0060541695,0.9705,0.0060541695,0.056271542
0.008838779,0.962625,0.008838779,0.061986715,0.004196251,0.972,0.004196251,0.04521404
0.008983959,0.96325,0.008983959,0.062583,0.004622214,0.9745,0.004622214,0.040836196
0.008579834,0.959125,0.008579834,0.061493337,0.0035616667,0.978,0.0035616667,0.040345784
0.008941096,0.95725,0.008941096,0.06251561,0.006271416,0.967,0.006271416,0.054412857
0.008700503,0.96175,0.008700503,0.061534822,0.0046818876,0.979,0.0046818876,0.046345543
0.008274971,0.959375,0.008274971,0.061963752,0.0054104473,0.9765,0.0054104473,0.043264855
0.009301356,0.95875,0.009301356,0.06303631,0.005358679,0.9705,0.005358679,0.04977063
0.009451206,0.959375,0.009451206,0.062250398,0.004062486,0.972,0.004062486,0.04381944
0.008525483,0.959125,0.008525483,0.061595332,0.0048583224,0.979,0.0048583224,0.04731191
0.009490325,0.964,0.009490325,0.06269695,0.004889302,0.976,0.004889302,0.045779396
0.0089406045,0.9635,0.0089406045,0.06252142,0.0052768094,0.9775,0.0052768094,0.044621564
0.009599548,0.962375,0.009599548,0.06303161,0.0035245537,0.9765,0.0035245537,0.038830843
0.009224431,0.9575,0.009224431,0.06295171,0.005812486,0.9715,0.005812486,0.051998585
0.008666041,0.961125,0.008666041,0.06164374,0.004491767,0.963,0.004491767,0.04758936
0.009040471,0.96125,0.009040471,0.062058922,0.004709712,0.976,0.004709712,0.042893957
0.009063653,0.958,0.009063653,0.062014893,0.004197892,0.978,0.004197892,0.04453319
0.008618527,0.96075,0.008618527,0.061373353,0.005815295,0.9785,0.005815295,0.05141916
0.009726919,0.95975,0.009726919,0.06355692,0.0062156795,0.962,0.0062156795,0.057245433
0.008751109,0.9595,0.008751109,0.061857823,0.004561729,0.9795,0.004561729,0.044841982
0.009204895,0.9575,0.009204895,0.06300624,0.005619641,0.9745,0.005619641,0.05109962
0.008667574,0.960125,0.008667574,0.061981343,0.006504185,0.9805,0.006504185,0.053606797
0.00853948,0.964625,0.00853948,0.0605934,0.0057069804,0.977,0.0057069804,0.04732354
0.008190402,0.96325,0.008190402,0.061512507,0.0060159825,0.9795,0.0060159825,0.048727427
0.008631085,0.958125,0.008631085,0.061865494,0.004194168,0.9795,0.004194168,0.046219103
0.008849102,0.9615,0.008849102,0.06127558,0.005533569,0.9775,0.005533569,0.049933776
0.008302869,0.962125,0.008302869,0.061092842,0.004360361,0.973,0.004360361,0.04662898
0.0085471375,0.95975,0.0085471375,0.06198138,0.0069516827,0.9625,0.0069516827,0.06049597
0.008818371,0.961875,0.008818371,0.061491814,0.005263506,0.9705,0.005263506,0.049746484
0.008751187,0.960125,0.008751187,0.061918676,0.0054584965,0.971,0.0054584965,0.050581176
0.008783473,0.957625,0.008783473,0.061665665,0.005918536,0.9775,0.005918536,0.04422346
0.008429213,0.961375,0.008429213,0.060653683,0.004639533,0.9735,0.004639533,0.046039436
0.008383291,0.96,0.008383291,0.061667778,0.0048412057,0.98,0.0048412057,0.046466973
0.00936837,0.960875,0.00936837,0.062582634,0.0059426464,0.9815,0.0059426464,0.053045724
0.008890554,0.9635,0.008890554,0.061911676,0.005366404,0.9695,0.005366404,0.04924415
0.008785215,0.958125,0.008785215,0.061453074,0.0038861604,0.973,0.0038861604,0.04146362
0.008094306,0.96025,0.008094306,0.0603658,0.005403357,0.9675,0.005403357,0.04919618
0.008720122,0.963125,0.008720122,0.062020965,0.0064426074,0.974,0.0064426074,0.04982641
0.008773795,0.95675,0.008773795,0.061663967,0.0063094157,0.973,0.0063094157,0.052576084
0.009025615,0.961,0.009025615,0.062104568,0.006187356,0.9665,0.006187356,0.054230828
0.008721803,0.95825,0.008721803,0.061766993,0.004634179,0.9775,0.004634179,0.040688485
0.008729815,0.961125,0.008729815,0.06180827,0.0055483226,0.9655,0.0055483226,0.05050461
0.008276759,0.963375,0.008276759,0.060991682,0.00467367,0.972,0.00467367,0.04166398
0.009038687,0.959375,0.009038687,0.06173024,0.005887065,0.966,0.005887065,0.05556339
0.009184285,0.9585,0.009184285,0.062025763,0.004786782,0.9735,0.004786782,0.048585996
0.008853572,0.96,0.008853572,0.062095776,0.0051637813,0.9765,0.0051637813,0.04734346
0.008760899,0.964875,0.008760899,0.062048916,0.0056474856,0.9705,0.0056474856,0.050975293
0.008619151,0.9625,0.008619151,0.06183253,0.0051202057,0.974,0.0051202057,0.04824437
0.0077215447,0.962625,0.0077215447,0.06014916,0.004612062,0.979,0.004612062,0.040295746
0.009688022,0.957125,0.009688022,0.06358313,0.005642684,0.97,0.005642684,0.05096669
0.008977415,0.96025,0.008977415,0.06251807,0.0053726127,0.9755,0.0053726127,0.049878288
0.00939544,0.96325,0.00939544,0.062043805,0.005219336,0.974,0.005219336,0.046729323
0.0082714595,0.95725,0.0082714595,0.06072093,0.0040711756,0.976,0.0040711756,0.04252444
0.008629365,0.963875,0.008629365,0.061360363,0.0050726733,0.9655,0.0050726733,0.052275397
0.009088129,0.962625,0.009088129,0.061811376,0.0046445294,0.9725,0.0046445294,0.046831965
0.008831246,0.960125,0.008831246,0.061415315,0.005856659,0.975,0.005856659,0.050824415
0.008703399,0.959875,0.008703399,0.061887857,0.0052283043,0.9715,0.0052283043,0.047611862
0.009102664,0.958875,0.009102664,0.06262271,0.004972076,0.9755,0.004972076,0.04514929
0.00867122,0.963,0.00867122,0.061730888,0.005432645,0.978,0.005432645,0.05139865
0.008918638,0.959875,0.008918638,0.061932214,0.0047678817,0.9755,0.0047678817,0.04478644
0.008318939,0.96275,0.008318939,0.060521226,0.0042254315,0.975,0.0042254315,0.044588003
0.008520035,0.959,0.008520035,0.06196532,0.0039543784,0.977,0.0039543784,0.041481107
0.008025527,0.961375,0.008025527,0.060857795,0.004530269,0.974,0.004530269,0.038184207
0.009119288,0.9585,0.009119288,0.062283855,0.00523102,0.971,0.00523102,0.045458704
0.0083748475,0.96075,0.0083748475,0.06133571,0.0062187593,0.9695,0.0062187593,0.054219123
0.009205232,0.95925,0.009205232,0.061903223,0.0052261325,0.9725,0.0052261325,0.048397854
0.009182211,0.9575,0.009182211,0.06274841,0.005390009,0.9865,0.005390009,0.05162101
0.00874464,0.958,0.00874464,0.062638775,0.0053632907,0.9745,0.0053632907,0.051171843
0.009099233,0.9615,0.009099233,0.061733164,0.0066935564,0.958,0.0066935564,0.061958566
0.009570644,0.958875,0.009570644,0.06287183,0.005921962,0.9755,0.005921962,0.047873355
0.009799559,0.959875,0.009799559,0.06342101,0.005541041,0.9775,0.005541041,0.052242924
0.008882085,0.95925,0.008882085,0.061863244,0.0060830205,0.967,0.0060830205,0.051583588
0.00890871,0.960625,0.00890871,0.061745558,0.005369173,0.9725,0.005369173,0.050757196
0.007924453,0.960125,0.007924453,0.060597725,0.0052085435,0.966,0.0052085435,0.046449732
0.009212511,0.960625,0.009212511,0.06239524,0.0057909284,0.9625,0.0057909284,0.055793975
0.008051359,0.96,0.008051359,0.06034215,0.0058721015,0.979,0.0058721015,0.05078422
0.008504736,0.96025,0.008504736,0.06111589,0.005558382,0.969,0.005558382,0.051873818
0.009464062,0.957125,0.009464062,0.06291258,0.0074611343,0.9735,0.0074611343,0.053491738
0.009272252,0.95925,0.009272252,0.062440276,0.006410651,0.972,0.006410651,0.057204664
0.008615086,0.96125,0.008615086,0.06067849,0.005296463,0.9755,0.005296463,0.04624232
0.009544495,0.959375,0.009544495,0.063204184,0.0056457426,0.973,0.0056457426,0.05282535
0.00843434,0.96325,0.00843434,0.061186373,0.0062239966,0.9755,0.0062239966,0.050660793
0.009238163,0.959,0.009238163,0.06207279,0.006902883,0.966,0.006902883,0.055037767
0.008559353,0.96075,0.008559353,0.06105696,0.005367414,0.971,0.005367414,0.046580832
0.008551695,0.960125,0.008551695,0.06137027,0.0060109543,0.97,0.0060109543,0.049508214
0.008159701,0.963375,0.008159701,0.059990063,0.00480535,0.974,0.00480535,0.048589546
0.008801051,0.958,0.008801051,0.061366245,0.005849988,0.9785,0.005849988,0.047043882
0.009316295,0.964125,0.009316295,0.062467944,0.00470436,0.9745,0.00470436,0.043634012
0.008808415,0.958375,0.008808415,0.061722543,0.006144817,0.973,0.006144817,0.05193701
0.008963282,0.96,0.008963282,0.062042248,0.004906597,0.976,0.004906597,0.043739863
0.008365867,0.959125,0.008365867,0.060761336,0.0053439504,0.9705,0.0053439504,0.046862006
0.008956392,0.9605,0.008956392,0.061909128,0.007844742,0.964,0.007844742,0.063097805
0.008538489,0.9565,0.008538489,0.061466314,0.0056050355,0.971,0.0056050355,0.054264862
0.0086820815,0.962875,0.0086820815,0.06139992,0.0064321216,0.9735,0.0064321216,0.05250926
0.008224805,0.961,0.008224805,0.06100598,0.004685936,0.9665,0.004685936,0.04485501
0.008642864,0.962125,0.008642864,0.061833203,0.0062544714,0.9735,0.0062544714,0.0545857
0.008611549,0.959125,0.008611549,0.0611937,0.006016219,0.9755,0.006016219,0.053725466
0.008542497,0.959375,0.008542497,0.06142733,0.0052218135,0.97,0.0052218135,0.05140655
0.00835624,0.958,0.00835624,0.060685296,0.005356137,0.9765,0.005356137,0.04521978
0.009013198,0.962375,0.009013198,0.061134223,0.005113855,0.9805,0.005113855,0.04535226
0.008661348,0.958625,0.008661348,0.06154171,0.0039423974,0.98,0.0039423974,0.039427295
0.009256991,0.9615,0.009256991,0.061983246,0.006172039,0.9785,0.006172039,0.052788526
0.009319477,0.959625,0.009319477,0.06255394,0.0048955837,0.972,0.0048955837,0.051680446
0.008856848,0.961375,0.008856848,0.060726233,0.005575523,0.9705,0.005575523,0.05563643
0.00821484,0.96025,0.00821484,0.06060645,0.0058936058,0.9685,0.0058936058,0.05422484
0.008580583,0.96275,0.008580583,0.06115938,0.006291878,0.9695,0.006291878,0.057873983
0.008730373,0.962625,0.008730373,0.061509963,0.005115974,0.965,0.005115974,0.05152681
0.008646589,0.96225,0.008646589,0.061614413,0.004730964,0.976,0.004730964,0.041561127
0.008838733,0.9615,0.008838733,0.061434355,0.004930704,0.9675,0.004930704,0.044770755
0.008652554,0.95925,0.008652554,0.06167219,0.005443925,0.9735,0.005443925,0.049574364
0.009121483,0.9575,0.009121483,0.061780278,0.006948389,0.9655,0.006948389,0.05748316
0.008691505,0.960375,0.008691505,0.06125835,0.0051185284,0.978,0.0051185284,0.05092777
0.008199454,0.962625,0.008199454,0.060027122,0.0048688487,0.981,0.0048688487,0.044299852
0.00893881,0.96075,0.00893881,0.061791338,0.0043337042,0.9795,0.0043337042,0.04047623
0.008912112,0.96075,0.008912112,0.061303344,0.005287999,0.9785,0.005287999,0.049180828
0.0084271785,0.959875,0.0084271785,0.06035397,0.0043051825,0.9685,0.0043051825,0.043714575
0.008449181,0.96125,0.008449181,0.06086885,0.004384374,0.9745,0.004384374,0.0433186
0.008326251,0.96125,0.008326251,0.059969626,0.005875823,0.9735,0.005875823,0.048131328
0.009047036,0.96175,0.009047036,0.061802328,0.005928615,0.9725,0.005928615,0.04856479
0.008993034,0.96225,0.008993034,0.06151501,0.0042397603,0.9695,0.0042397603,0.0437942
0.00853448,0.96125,0.00853448,0.06070115,0.0049948306,0.9775,0.0049948306,0.049328953
0.008796823,0.9615,0.008796823,0.061093472,0.0048304657,0.97,0.0048304657,0.04872882
0.007848956,0.95975,0.007848956,0.060736217,0.0058380924,0.9835,0.0058380924,0.046345133
0.008711101,0.958125,0.008711101,0.06091504,0.0061184983,0.9685,0.0061184983,0.050407983
0.008783303,0.961125,0.008783303,0.06137335,0.0043140906,0.977,0.0043140906,0.0468776
0.008110619,0.9665,0.008110619,0.06064696,0.0051815207,0.98,0.0051815207,0.044380564
0.008615032,0.960125,0.008615032,0.060974214,0.004899432,0.9765,0.004899432,0.046192132
0.008677531,0.961875,0.008677531,0.06122159,0.006264644,0.968,0.006264644,0.05558576
0.008816458,0.96225,0.008816458,0.061180446,0.004370892,0.965,0.004370892,0.04199378
0.008950239,0.95925,0.008950239,0.0614452,0.006283641,0.9685,0.006283641,0.058561735
0.008459611,0.961875,0.008459611,0.061139278,0.005412838,0.9815,0.005412838,0.049044147
0.008648442,0.96275,0.008648442,0.061397023,0.0055827987,0.955,0.0055827987,0.051333606
0.009026892,0.962375,0.009026892,0.061713565,0.0058374214,0.974,0.0058374214,0.05238142
0.009503386,0.962375,0.009503386,0.062364526,0.005382932,0.9795,0.005382932,0.045813147
0.009024779,0.963,0.009024779,0.06187154,0.004565486,0.98,0.004565486,0.043383274
0.008808706,0.964,0.008808706,0.061274298,0.0065943464,0.9655,0.0065943464,0.057920158
0.008930557,0.9615,0.008930557,0.061726175,0.0057254666,0.9785,0.0057254666,0.049438268
0.008290183,0.959625,0.008290183,0.06051148,0.0056262496,0.975,0.0056262496,0.052543204
0.00902283,0.9575,0.00902283,0.061488356,0.0043784627,0.9705,0.0043784627,0.046133194
0.008525386,0.958875,0.008525386,0.06078856,0.0064544645,0.9695,0.0064544645,0.058232047
0.009053376,0.958,0.009053376,0.06148983,0.005913099,0.979,0.005913099,0.051933013
0.008367547,0.961875,0.008367547,0.060480397,0.0063831415,0.9605,0.0063831415,0.05733819
0.008486017,0.961,0.008486017,0.060843475,0.006550757,0.9775,0.006550757,0.046905216
0.008856203,0.962125,0.008856203,0.061974254,0.005933597,0.977,0.005933597,0.051038682
0.007778365,0.96425,0.007778365,0.05985336,0.0056107948,0.9775,0.0056107948,0.053754244
0.008881092,0.962125,0.008881092,0.061518725,0.006406035,0.973,0.006406035,0.058282472
0.00850937,0.96025,0.00850937,0.0619114,0.0053432165,0.9735,0.0053432165,0.046539176
0.008623943,0.96075,0.008623943,0.061674155,0.004805963,0.976,0.004805963,0.045916367
0.008726886,0.962125,0.008726886,0.061191626,0.005353239,0.9735,0.005353239,0.052640166
0.008966051,0.962375,0.008966051,0.061593555,0.0051885676,0.9765,0.0051885676,0.04668861
0.009122579,0.96025,0.009122579,0.062264293,0.005717132,0.972,0.005717132,0.049961828
0.008831392,0.96275,0.008831392,0.061675917,0.006177024,0.9765,0.006177024,0.05894976
0.008773899,0.96025,0.008773899,0.06219466,0.0063471706,0.969,0.0063471706,0.056480415
0.007994701,0.9615,0.007994701,0.0599048,0.0054059345,0.968,0.0054059345,0.05545655
0.008468698,0.962625,0.008468698,0.060579732,0.005363936,0.9765,0.005363936,0.04994849
0.00854896,0.962125,0.00854896,0.061165735,0.0065676733,0.9755,0.0065676733,0.051667836
0.008982666,0.96125,0.008982666,0.06139503,0.0062667835,0.979,0.0062667835,0.053123936
0.0087478105,0.964,0.0087478105,0.061865635,0.005488769,0.968,0.005488769,0.05127058
0.0086941505,0.96175,0.0086941505,0.061442878,0.005045205,0.9755,0.005045205,0.048201155
0.008550638,0.961125,0.008550638,0.060887456,0.0049209185,0.9775,0.0049209185,0.04710554
0.00849897,0.960125,0.00849897,0.061180167,0.004269959,0.9865,0.004269959,0.045633867
0.008869924,0.958875,0.008869924,0.061405588,0.00571661,0.972,0.00571661,0.046939842
0.008977299,0.961625,0.008977299,0.061508097,0.004734496,0.9775,0.004734496,0.045567054
0.008785527,0.9585,0.008785527,0.061403554,0.0074229096,0.966,0.0074229096,0.062151182
0.008329552,0.963,0.008329552,0.0601254,0.006284135,0.9765,0.006284135,0.05249949
0.007619081,0.95875,0.007619081,0.059821922,0.0061331713,0.973,0.0061331713,0.05574512
0.008508748,0.964875,0.008508748,0.061057787,0.004616483,0.978,0.004616483,0.042578105
0.008611024,0.960375,0.008611024,0.061478842,0.006293127,0.9745,0.006293127,0.05083861
0.008203418,0.9585,0.008203418,0.060865816,0.005052032,0.98,0.005052032,0.047308642
0.008762526,0.961625,0.008762526,0.061323237,0.0055312454,0.9635,0.0055312454,0.054222353
0.00790512,0.96075,0.00790512,0.060250297,0.006102445,0.979,0.006102445,0.04997715
0.008696792,0.96475,0.008696792,0.060579132,0.005531009,0.9815,0.005531009,0.048079375
0.009131617,0.962625,0.009131617,0.061861124,0.0043211794,0.978,0.0043211794,0.0459579
0.009079241,0.962,0.009079241,0.06164942,0.006005521,0.976,0.006005521,0.050271653
0.007856138,0.9615,0.007856138,0.059774555,0.0056470293,0.9675,0.0056470293,0.055031493
0.008087807,0.962,0.008087807,0.059982993,0.006537842,0.9855,0.006537842,0.0521679
0.007597356,0.96275,0.007597356,0.05886194,0.005966432,0.977,0.005966432,0.049753897
0.008984386,0.960125,0.008984386,0.061673116,0.004783079,0.966,0.004783079,0.05013025
0.0081950165,0.963125,0.0081950165,0.060649022,0.0051042293,0.9735,0.0051042293,0.047593594
0.008393912,0.96175,0.008393912,0.06083209,0.0075021964,0.9655,0.0075021964,0.057682667
0.0090734735,0.965375,0.0090734735,0.06128229,0.0058154766,0.969,0.0058154766,0.05412876
0.00818436,0.962,0.00818436,0.06075386,0.0072387387,0.97,0.0072387387,0.059100077
0.00953034,0.95925,0.00953034,0.06281895,0.005594093,0.9685,0.005594093,0.054618552
0.009624617,0.96175,0.009624617,0.062639125,0.0062042265,0.9745,0.0062042265,0.05011993
0.008718188,0.959,0.008718188,0.06128539,0.0063635986,0.979,0.0063635986,0.050693166
0.008806007,0.96125,0.008806007,0.06150577,0.0060522356,0.977,0.0060522356,0.048103187
0.008131697,0.96,0.008131697,0.06010375,0.0057497066,0.968,0.0057497066,0.051794086
0.008644276,0.962875,0.008644276,0.060869645,0.0046647787,0.981,0.0046647787,0.044766802
0.008740228,0.961,0.008740228,0.061399743,0.006340816,0.969,0.006340816,0.05852039
0.008501877,0.960125,0.008501877,0.061013654,0.006630456,0.9785,0.006630456,0.05554079
0.008511807,0.96425,0.008511807,0.060984414,0.004407633,0.9755,0.004407633,0.046079427
0.008307154,0.962625,0.008307154,0.061028253,0.0054342994,0.98,0.0054342994,0.048884343
0.009235356,0.957625,0.009235356,0.061556485,0.0053473795,0.9745,0.0053473795,0.05096241
0.008278694,0.961875,0.008278694,0.06063439,0.0062857987,0.9775,0.0062857987,0.055970196
0.009481869,0.959625,0.009481869,0.061838023,0.008305852,0.9705,0.008305852,0.06269219
0.008352271,0.961,0.008352271,0.060945187,0.0045751724,0.9805,0.0045751724,0.039540123
0.009115974,0.958,0.009115974,0.062424824,0.006971868,0.97,0.006971868,0.054179057
0.008562698,0.958375,0.008562698,0.060966183,0.0055254726,0.9675,0.0055254726,0.05340839
0.008107813,0.963625,0.008107813,0.05989318,0.005625437,0.9705,0.005625437,0.051151045
0.007665267,0.96175,0.007665267,0.05956715,0.006677056,0.9735,0.006677056,0.05294026
0.008127233,0.9615,0.008127233,0.06032719,0.005117734,0.975,0.005117734,0.04715428
0.008867723,0.9635,0.008867723,0.061206087,0.005428284,0.9755,0.005428284,0.05385085
0.009171464,0.9615,0.009171464,0.061734904,0.0063068867,0.969,0.0063068867,0.054828703
0.008812353,0.96,0.008812353,0.0609695,0.0051542055,0.981,0.0051542055,0.04689231
0.008394505,0.963375,0.008394505,0.06120665,0.0048634247,0.9715,0.0048634247,0.045859773
0.008500635,0.9635,0.008500635,0.06081377,0.0061097904,0.9675,0.0061097904,0.056697983
0.008743119,0.9615,0.008743119,0.061107792,0.005529312,0.98,0.005529312,0.05290074
0.008900553,0.962625,0.008900553,0.061236292,0.0060138884,0.9755,0.0060138884,0.053689267
0.008479378,0.961125,0.008479378,0.06105473,0.0049458914,0.977,0.0049458914,0.046670098
0.008439463,0.965375,0.008439463,0.06024709,0.0056292233,0.9675,0.0056292233,0.05192351
0.00905927,0.959125,0.00905927,0.06191535,0.0059741456,0.974,0.0059741456,0.051132377
0.008467319,0.960375,0.008467319,0.06039803,0.006970668,0.9845,0.006970668,0.055109274
0.008550978,0.96125,0.008550978,0.06012485,0.0055477684,0.9715,0.0055477684,0.049027298
0.008259956,0.959375,0.008259956,0.0603271,0.0064115915,0.9715,0.0064115915,0.053391565
0.008411479,0.96175,0.008411479,0.06011989,0.006027338,0.9755,0.006027338,0.05013798
0.00834069,0.95925,0.00834069,0.06116771,0.0055825356,0.983,0.0055825356,0.047892418
0.008772635,0.961875,0.008772635,0.060569666,0.005711063,0.9775,0.005711063,0.046441738
0.009621769,0.96,0.009621769,0.0625018,0.005640189,0.9685,0.005640189,0.049437083
0.008367068,0.963,0.008367068,0.060478564,0.005571735,0.9755,0.005571735,0.04805127
0.008328211,0.959625,0.008328211,0.061338775,0.0045026713,0.983,0.0045026713,0.04674617
0.008624639,0.96,0.008624639,0.060725085,0.0040926207,0.977,0.0040926207,0.043697704
0.008440016,0.960875,0.008440016,0.060893334,0.0075227213,0.974,0.0075227213,0.058105715
0.008728032,0.963375,0.008728032,0.06124148,0.006237726,0.98,0.006237726,0.054594662
0.008035434,0.963,0.008035434,0.060068313,0.005796368,0.975,0.005796368,0.049802493
0.008203032,0.958,0.008203032,0.060065206,0.0051682247,0.977,0.0051682247,0.047541715
0.008449665,0.96525,0.008449665,0.06043312,0.0044726254,0.978,0.0044726254,0.042842045
0.008089277,0.962875,0.008089277,0.06017971,0.005244968,0.977,0.005244968,0.045248877
0.008097952,0.964,0.008097952,0.06001693,0.005978686,0.9755,0.005978686,0.051301897
0.008041712,0.961125,0.008041712,0.0601155,0.005700047,0.969,0.005700047,0.04932496
0.008057175,0.96625,0.008057175,0.060379878,0.0051467246,0.976,0.0051467246,0.046629265
0.008357955,0.9625,0.008357955,0.061184723,0.0039341766,0.982,0.0039341766,0.042412393
0.008066602,0.95875,0.008066602,0.059821002,0.005985882,0.975,0.005985882,0.05249607
0.008850897,0.962375,0.008850897,0.06167319,0.0072762817,0.964,0.0072762817,0.062012177
0.008695441,0.961625,0.008695441,0.061235204,0.0055244463,0.9785,0.0055244463,0.04982039
0.008633737,0.961,0.008633737,0.06103985,0.006477003,0.9715,0.006477003,0.05279735
0.008612993,0.95825,0.008612993,0.061300468,0.005589309,0.9785,0.005589309,0.05132924
0.00864379,0.963125,0.00864379,0.060671296,0.006828161,0.98,0.006828161,0.049725052
0.009320429,0.96075,0.009320429,0.062462267,0.006633943,0.978,0.006633943,0.055800643
0.008851409,0.962375,0.008851409,0.060922448,0.0074147764,0.976,0.0074147764,0.060061675
0.008195267,0.9605,0.008195267,0.06027174,0.0070284666,0.9685,0.0070284666,0.055711646
0.008208489,0.959125,0.008208489,0.06048082,0.007380006,0.9815,0.007380006,0.05666191
0.008797152,0.9605,0.008797152,0.06090201,0.006120067,0.978,0.006120067,0.052059088
0.0085911015,0.96025,0.0085911015,0.060828913,0.0044941055,0.975,0.0044941055,0.045172032
0.009387027,0.960375,0.009387027,0.062230293,0.0056178104,0.9805,0.0056178104,0.048252553
0.008864228,0.96175,0.008864228,0.061499614,0.005540891,0.9765,0.005540891,0.046982042
0.008589904,0.962125,0.008589904,0.06116204,0.0055901767,0.9705,0.0055901767,0.053512692
0.009038281,0.956375,0.009038281,0.061543062,0.0058176336,0.9725,0.0058176336,0.049485613
0.008068977,0.962875,0.008068977,0.060154974,0.004752453,0.9735,0.004752453,0.045727003
0.008263014,0.96425,0.008263014,0.060038887,0.006452777,0.9775,0.006452777,0.053853516
0.008330852,0.96375,0.008330852,0.061014768,0.004559293,0.9685,0.004559293,0.046064086
0.008750006,0.96,0.008750006,0.060366116,0.008526486,0.9605,0.008526486,0.06399585
0.008695035,0.962375,0.008695035,0.060917135,0.0064443406,0.973,0.0064443406,0.056701202
0.0080939345,0.9645,0.0080939345,0.060647003,0.0056584445,0.968,0.0056584445,0.051851597
0.008342307,0.961625,0.008342307,0.060571026,0.006613311,0.9765,0.006613311,0.054620318
0.00809908,0.96275,0.00809908,0.059902925,0.00549908,0.9745,0.00549908,0.048703976
0.0077017075,0.961375,0.0077017075,0.058631726,0.0053308546,0.973,0.0053308546,0.052307703
0.008880352,0.95825,0.008880352,0.06166453,0.0056234873,0.9785,0.0056234873,0.053053018
0.007972938,0.962,0.007972938,0.05999933,0.00526701,0.9825,0.00526701,0.04762395
0.007872471,0.963625,0.007872471,0.05966892,0.006364136,0.9775,0.006364136,0.052075677
0.008489183,0.959375,0.008489183,0.060639113,0.0054771174,0.9815,0.0054771174,0.046420883
0.008788256,0.962125,0.008788256,0.061215177,0.00416555,0.977,0.00416555,0.044228207
0.008433304,0.962,0.008433304,0.06035212,0.00635014,0.976,0.00635014,0.05294637
0.00853239,0.961375,0.00853239,0.060229648,0.00473141,0.9775,0.00473141,0.044059195
0.008290895,0.957875,0.008290895,0.059976906,0.006459311,0.9765,0.006459311,0.055492185
0.007746209,0.963,0.007746209,0.059560042,0.0049641063,0.977,0.0049641063,0.04516764
0.008670197,0.958125,0.008670197,0.061258186,0.004502607,0.984,0.004502607,0.04156314
0.008798234,0.962375,0.008798234,0.061307847,0.008161618,0.97,0.008161618,0.061145168
0.008539329,0.9615,0.008539329,0.06079734,0.005582413,0.974,0.005582413,0.053382963
0.009109943,0.9605,0.009109943,0.06173962,0.004764656,0.971,0.004764656,0.044874016
0.008454152,0.9605,0.008454152,0.06052356,0.005433437,0.975,0.005433437,0.04839985
0.0080567235,0.962625,0.0080567235,0.059684746,0.0056639584,0.9745,0.0056639584,0.047950312
0.008444867,0.959875,0.008444867,0.060367648,0.004576074,0.972,0.004576074,0.046726085
0.008389744,0.9595,0.008389744,0.060557164,0.005190583,0.979,0.005190583,0.04416568
0.008458196,0.96175,0.008458196,0.060763355,0.006038605,0.9745,0.006038605,0.049919773
0.008268522,0.96375,0.008268522,0.060238745,0.0054364824,0.9685,0.0054364824,0.048562992
0.008160967,0.962,0.008160967,0.060142122,0.005171641,0.975,0.005171641,0.05122976
0.008824903,0.961125,0.008824903,0.060967393,0.005376762,0.979,0.005376762,0.05104943
0.008926644,0.961875,0.008926644,0.06139738,0.0056902003,0.982,0.0056902003,0.04894293
0.007995545,0.96175,0.007995545,0.059672575,0.005033865,0.985,0.005033865,0.05038396
0.008249011,0.960875,0.008249011,0.060187355,0.004675805,0.972,0.004675805,0.045375973
0.008758981,0.962875,0.008758981,0.061113417,0.0053118244,0.981,0.0053118244,0.050954342
0.00921093,0.9605,0.00921093,0.060868252,0.0049374597,0.9735,0.0049374597,0.048507057
0.008458031,0.963625,0.008458031,0.060459826,0.0061813067,0.98,0.0061813067,0.05411147
0.008323812,0.961625,0.008323812,0.060306728,0.0053196186,0.9815,0.0053196186,0.047507312
0.008153801,0.96275,0.008153801,0.060449935,0.0043192413,0.9695,0.0043192413,0.046698194
0.008672389,0.963875,0.008672389,0.06025758,0.006126552,0.969,0.006126552,0.053095303
0.008714118,0.958875,0.008714118,0.06137414,0.004904096,0.9785,0.004904096,0.04770131
0.008491461,0.96025,0.008491461,0.06095128,0.005403384,0.9725,0.005403384,0.046823245
0.007929353,0.96025,0.007929353,0.06031048,0.0057415324,0.9745,0.0057415324,0.0508142
0.007941728,0.964625,0.007941728,0.060101893,0.0065742284,0.9765,0.0065742284,0.049541533
0.00877084,0.96275,0.00877084,0.06067227,0.0059574405,0.9755,0.0059574405,0.052371938
0.008365271,0.96075,0.008365271,0.061243717,0.0065195067,0.973,0.0065195067,0.056842845
0.008687655,0.960375,0.008687655,0.060868558,0.0066417763,0.9775,0.0066417763,0.058318246
0.008861871,0.961375,0.008861871,0.060542036,0.00660974,0.9675,0.00660974,0.053357746
0.00841991,0.963375,0.00841991,0.05994717,0.0050925505,0.976,0.0050925505,0.049805745
0.008403329,0.958625,0.008403329,0.060764655,0.006299895,0.9725,0.006299895,0.055511106
0.008746608,0.961125,0.008746608,0.06028095,0.006625382,0.9735,0.006625382,0.050356776
0.008373394,0.962875,0.008373394,0.06061873,0.007278653,0.9695,0.007278653,0.05754271
0.008547364,0.961625,0.008547364,0.061111342,0.005882793,0.984,0.005882793,0.050432652
0.008205934,0.959875,0.008205934,0.060234934,0.0044654817,0.9795,0.0044654817,0.045791972
0.008378497,0.961875,0.008378497,0.060092565,0.0068414253,0.9605,0.0068414253,0.061117493
0.008892671,0.961875,0.008892671,0.061118305,0.0053619714,0.978,0.0053619714,0.046509046
0.008363128,0.962,0.008363128,0.060142532,0.0052670664,0.9785,0.0052670664,0.043221764
0.0082784705,0.963125,0.0082784705,0.06019678,0.0050832406,0.98,0.0050832406,0.04913988
0.009482338,0.958625,0.009482338,0.061571423,0.0052840584,0.983,0.0052840584,0.045567986
0.0091771865,0.961875,0.0091771865,0.061179988,0.005963862,0.9755,0.005963862,0.047838584
0.008587259,0.962625,0.008587259,0.061183333,0.0053738756,0.9805,0.0053738756,0.044634998
0.008250951,0.960625,0.008250951,0.06008722,0.0043242015,0.979,0.0043242015,0.044961948
0.009023604,0.95775,0.009023604,0.06083644,0.0048166183,0.9745,0.0048166183,0.04568907
0.00940481,0.958375,0.00940481,0.06124919,0.0048225615,0.987,0.0048225615,0.043425478
0.008597162,0.958625,0.008597162,0.061774336,0.0060258643,0.972,0.0060258643,0.054857172
0.008244033,0.962875,0.008244033,0.06044754,0.0067295833,0.9685,0.0067295833,0.05890384
0.008546647,0.96025,0.008546647,0.06061782,0.0060930443,0.973,0.0060930443,0.050493155
0.008079714,0.962875,0.008079714,0.05996463,0.007478082,0.963,0.007478082,0.060004037
0.00819471,0.967,0.00819471,0.060265847,0.005009754,0.9795,0.005009754,0.049356326
0.00803863,0.967375,0.00803863,0.059705302,0.0052622627,0.98,0.0052622627,0.04915508
0.00866791,0.96175,0.00866791,0.06087359,0.006156962,0.979,0.006156962,0.050512727
0.008320665,0.96225,0.008320665,0.060465757,0.00461949,0.978,0.00461949,0.04216447
0.008040296,0.963125,0.008040296,0.059842125,0.00789498,0.9775,0.00789498,0.05806173
0.008445577,0.963375,0.008445577,0.060601074,0.0064733885,0.9665,0.0064733885,0.04673917
0.008442448,0.96225,0.008442448,0.060190655,0.005849416,0.974,0.005849416,0.04929233
0.008382523,0.96025,0.008382523,0.060024865,0.005281115,0.9815,0.005281115,0.047797516
0.007871803,0.960375,0.007871803,0.05959794,0.0060251346,0.982,0.0060251346,0.0505051
0.008365968,0.963,0.008365968,0.060148872,0.00617267,0.979,0.00617267,0.04964079
0.008303249,0.964125,0.008303249,0.059912544,0.0061627333,0.9755,0.0061627333,0.052935205
0.008369848,0.9625,0.008369848,0.059762705,0.006367891,0.973,0.006367891,0.051181734
0.00846597,0.959625,0.00846597,0.059969716,0.0071120462,0.9765,0.0071120462,0.053789742
0.008404243,0.963,0.008404243,0.06015578,0.005515578,0.966,0.005515578,0.048565734
0.008186232,0.95625,0.008186232,0.05974766,0.00812133,0.9695,0.00812133,0.059478927
0.008422568,0.961625,0.008422568,0.06015095,0.0077036913,0.948,0.0077036913,0.063611
0.0079465415,0.962625,0.0079465415,0.059552774,0.006451822,0.9735,0.006451822,0.056094423
0.008121377,0.96325,0.008121377,0.059747975,0.0064927833,0.9725,0.0064927833,0.05442543
0.008085223,0.96025,0.008085223,0.05954014,0.0074277823,0.975,0.0074277823,0.06147373
0.008131541,0.9645,0.008131541,0.060392648,0.005056771,0.984,0.005056771,0.042937946
0.008346708,0.9605,0.008346708,0.06000101,0.005182736,0.98,0.005182736,0.04799739
0.008190103,0.96075,0.008190103,0.05950175,0.004423254,0.983,0.004423254,0.045796826
0.008088077,0.95975,0.008088077,0.059606858,0.006504578,0.9795,0.006504578,0.052680068
0.008438924,0.962,0.008438924,0.060593657,0.007461144,0.9625,0.007461144,0.064553164
0.0080827745,0.959875,0.0080827745,0.060134143,0.005672848,0.972,0.005672848,0.053396013
0.00814266,0.96025,0.00814266,0.060149625,0.005922743,0.973,0.005922743,0.054467984
0.008100183,0.96125,0.008100183,0.06042957,0.0052359896,0.9795,0.0052359896,0.046253998
0.008203211,0.96175,0.008203211,0.05992225,0.007391183,0.9785,0.007391183,0.05648464
0.008207569,0.96175,0.008207569,0.059898037,0.007934638,0.9695,0.007934638,0.063247934
0.008503604,0.963375,0.008503604,0.059517004,0.006009494,0.9725,0.006009494,0.049579646
0.008441516,0.963,0.008441516,0.060542516,0.0068140277,0.9745,0.0068140277,0.056287523
0.00878505,0.96075,0.00878505,0.06011609,0.0057028853,0.9775,0.0057028853,0.05125109
0.008239814,0.965625,0.008239814,0.060058318,0.0056441114,0.971,0.0056441114,0.05161897
0.008188934,0.960625,0.008188934,0.060065933,0.006495601,0.974,0.006495601,0.04998898
0.0081761405,0.96375,0.0081761405,0.059260815,0.0060520433,0.9755,0.0060520433,0.050202433
0.008063696,0.962,0.008063696,0.059794135,0.006506889,0.9695,0.006506889,0.057679895
0.008466284,0.962625,0.008466284,0.060415734,0.005876941,0.985,0.005876941,0.048944164
0.008727405,0.960375,0.008727405,0.06117037,0.006131583,0.985,0.006131583,0.04799559
0.007988038,0.962125,0.007988038,0.05968768,0.0062936353,0.9765,0.0062936353,0.048313476
0.008697153,0.95675,0.008697153,0.061366238,0.0054757786,0.976,0.0054757786,0.04478773
0.00873507,0.961625,0.00873507,0.060834706,0.0067029344,0.972,0.0067029344,0.056665227
0.007896429,0.962375,0.007896429,0.05922827,0.0065205875,0.982,0.0065205875,0.05101634
0.008126664,0.96175,0.008126664,0.06038053,0.005741174,0.98,0.005741174,0.04765042
0.007900809,0.96325,0.007900809,0.059314683,0.0073999614,0.974,0.0073999614,0.057984225
0.008339193,0.961625,0.008339193,0.059895225,0.005343107,0.976,0.005343107,0.048014928
0.007903791,0.962625,0.007903791,0.059992332,0.0053175744,0.979,0.0053175744,0.05141488
0.0076314784,0.964625,0.0076314784,0.05854539,0.006468357,0.9735,0.006468357,0.054955304
0.009145765,0.961875,0.009145765,0.061368875,0.0066341804,0.978,0.0066341804,0.05137756
0.007860831,0.960875,0.007860831,0.059575427,0.0049900073,0.9755,0.0049900073,0.04798493
0.008205926,0.963,0.008205926,0.05996971,0.0055854633,0.9795,0.0055854633,0.046362747
0.0084876865,0.96275,0.0084876865,0.059630334,0.0057015745,0.973,0.0057015745,0.049779687
0.008257159,0.96625,0.008257159,0.06014287,0.0057106554,0.9745,0.0057106554,0.048192408
0.008338345,0.96125,0.008338345,0.060524445,0.0075362646,0.9705,0.0075362646,0.061183132
0.008365815,0.9645,0.008365815,0.060590453,0.006424197,0.9685,0.006424197,0.05567223
0.008793146,0.9635,0.008793146,0.060457017,0.006311364,0.9805,0.006311364,0.048938613
0.008097193,0.963125,0.008097193,0.06012947,0.0065065008,0.9815,0.0065065008,0.053269703
0.0083174305,0.96275,0.0083174305,0.05984431,0.0073211384,0.974,0.0073211384,0.05938291
0.008687353,0.960625,0.008687353,0.06086381,0.007045591,0.9795,0.007045591,0.055174597
0.008181009,0.96275,0.008181009,0.0603506,0.006043355,0.9765,0.006043355,0.05605919
0.008834346,0.961625,0.008834346,0.060445566,0.006752162,0.9795,0.006752162,0.05152544
0.0076685185,0.964125,0.0076685185,0.058720592,0.0059293727,0.9835,0.0059293727,0.04976087
0.008258515,0.96075,0.008258515,0.06016204,0.0051921834,0.9725,0.0051921834,0.050152518
0.007929692,0.963125,0.007929692,0.05956452,0.004784182,0.981,0.004784182,0.045181174
0.0076823826,0.9605,0.0076823826,0.059697274,0.0053244764,0.9835,0.0053244764,0.04983724
0.008404819,0.960375,0.008404819,0.060346063,0.0055354694,0.9825,0.0055354694,0.04262187
0.008348957,0.96175,0.008348957,0.060690552,0.0061128507,0.977,0.0061128507,0.056403466
0.009294585,0.961125,0.009294585,0.061364748,0.007123652,0.979,0.007123652,0.05947919
0.008511357,0.962125,0.008511357,0.05980966,0.0059489603,0.975,0.0059489603,0.054531164
0.008709097,0.961125,0.008709097,0.06144616,0.005833529,0.977,0.005833529,0.048651077
0.007994355,0.96375,0.007994355,0.059561085,0.0062394734,0.974,0.0062394734,0.050346702
0.007919266,0.962375,0.007919266,0.058779396,0.007787891,0.9675,0.007787891,0.05626678
0.008698478,0.96025,0.008698478,0.06057765,0.006437813,0.9685,0.006437813,0.056613352
0.00879089,0.961625,0.00879089,0.060698923,0.0056972094,0.9715,0.0056972094,0.05372644
0.008435012,0.961875,0.008435012,0.05998347,0.0047831824,0.977,0.0047831824,0.045004353
0.007834461,0.9625,0.007834461,0.05951055,0.0068727005,0.9755,0.0068727005,0.054390013
0.008087285,0.9615,0.008087285,0.05989636,0.006200921,0.978,0.006200921,0.053028237
0.0077984612,0.96475,0.0077984612,0.05926471,0.0064259525,0.975,0.0064259525,0.05438125
0.008910016,0.95675,0.008910016,0.061006628,0.008114853,0.973,0.008114853,0.060740728
0.008657708,0.965125,0.008657708,0.06057294,0.0054411227,0.9805,0.0054411227,0.049855273
0.007716345,0.9625,0.007716345,0.059706885,0.005422976,0.98,0.005422976,0.048482638
0.007876428,0.963375,0.007876428,0.05942479,0.0060645225,0.9715,0.0060645225,0.05187527
0.008316847,0.962875,0.008316847,0.059847094,0.006139614,0.9785,0.006139614,0.051641658
0.007950487,0.962875,0.007950487,0.059863612,0.0072095343,0.9665,0.0072095343,0.06157006
0.008476757,0.960125,0.008476757,0.06039682,0.005196054,0.9805,0.005196054,0.048916772
0.008423356,0.96125,0.008423356,0.060295217,0.0052418457,0.9735,0.0052418457,0.04712512
0.007957643,0.962625,0.007957643,0.05960252,0.0062036673,0.975,0.0062036673,0.05409882
0.00811061,0.964125,0.00811061,0.058902647,0.006242967,0.977,0.006242967,0.0521379
0.0076302974,0.960875,0.0076302974,0.058051247,0.0057103164,0.9815,0.0057103164,0.05056202
0.008596693,0.9615,0.008596693,0.060262155,0.0064203385,0.9745,0.0064203385,0.055891257
0.008743894,0.962375,0.008743894,0.06092791,0.0053929426,0.9705,0.0053929426,0.051050793
0.008322062,0.9635,0.008322062,0.059710853,0.0072112307,0.9685,0.0072112307,0.057882965
0.007877667,0.962125,0.007877667,0.05926311,0.0049096886,0.9815,0.0049096886,0.044186775
0.008341029,0.960625,0.008341029,0.059903216,0.0067201843,0.968,0.0067201843,0.056653198
0.007825782,0.96225,0.007825782,0.059113678,0.0053260047,0.9675,0.0053260047,0.05379231
0.008141514,0.95975,0.008141514,0.05973604,0.0051374496,0.9865,0.0051374496,0.04873754
0.008836922,0.960375,0.008836922,0.061134715,0.0057719625,0.9725,0.0057719625,0.051820915
0.008638488,0.96025,0.008638488,0.06021197,0.00595346,0.973,0.00595346,0.051587358
0.008200715,0.96225,0.008200715,0.06006026,0.007186565,0.9825,0.007186565,0.055691365
0.00819967,0.960375,0.00819967,0.06041878,0.005031644,0.9745,0.005031644,0.050150502
0.008400885,0.96175,0.008400885,0.060502235,0.005226877,0.9775,0.005226877,0.05066403
0.008620042,0.9605,0.008620042,0.060133282,0.006363648,0.9725,0.006363648,0.054735787
0.008960392,0.962125,0.008960392,0.06109808,0.0056420104,0.9735,0.0056420104,0.05411668
0.0077718734,0.96125,0.0077718734,0.059727058,0.004777119,0.973,0.004777119,0.04979732
0.0077394582,0.965125,0.0077394582,0.059116952,0.006904635,0.977,0.006904635,0.056988508
0.0077806553,0.961625,0.0077806553,0.05928942,0.007259128,0.977,0.007259128,0.05765728
0.007881786,0.96375,0.007881786,0.059514176,0.005090595,0.9785,0.005090595,0.049005132
0.008286022,0.964,0.008286022,0.05974063,0.0051697562,0.9785,0.0051697562,0.051994216
0.008240602,0.964,0.008240602,0.059706476,0.006852888,0.968,0.006852888,0.059180982
0.007881781,0.9615,0.007881781,0.059744418,0.0073080035,0.9695,0.0073080035,0.05735797
0.008350603,0.95975,0.008350603,0.0603104,0.0058723628,0.9785,0.0058723628,0.049186975
0.0078649465,0.960875,0.0078649465,0.059508625,0.0061785183,0.975,0.0061785183,0.053197987
0.008403824,0.960375,0.008403824,0.06004606,0.00596794,0.9755,0.00596794,0.051346425
0.00883328,0.960875,0.00883328,0.06104403,0.0059222346,0.9775,0.0059222346,0.050277505
0.0079149585,0.961375,0.0079149585,0.059716664,0.007468944,0.9815,0.007468944,0.05521115
0.008034689,0.962125,0.008034689,0.058992002,0.005750204,0.981,0.005750204,0.04790248
0.0083847875,0.96175,0.0083847875,0.059858415,0.0070123286,0.981,0.0070123286,0.055234693
0.008800931,0.96225,0.008800931,0.060956337,0.005954476,0.9705,0.005954476,0.050301578
0.008450852,0.96225,0.008450852,0.060081106,0.006541466,0.984,0.006541466,0.05487186
0.008219776,0.96025,0.008219776,0.059990633,0.006196839,0.973,0.006196839,0.05819923
0.008057772,0.964,0.008057772,0.059972417,0.005623985,0.979,0.005623985,0.050317604
0.007841343,0.960625,0.007841343,0.05951915,0.005122344,0.973,0.005122344,0.04444947
0.0077543105,0.961375,0.0077543105,0.059115633,0.0066540893,0.981,0.0066540893,0.051951867
0.008071838,0.95925,0.008071838,0.059560444,0.005573385,0.982,0.005573385,0.047927927
0.008674951,0.963375,0.008674951,0.060332328,0.0065949946,0.983,0.0065949946,0.056469113
0.0082557155,0.963625,0.0082557155,0.05978585,0.0061445483,0.9765,0.0061445483,0.049006768
0.008635388,0.962625,0.008635388,0.059779584,0.0056002927,0.982,0.0056002927,0.047917865
0.007879289,0.9625,0.007879289,0.05936326,0.006907069,0.98,0.006907069,0.056804605
0.0076240525,0.966,0.0076240525,0.05882875,0.0063727438,0.9785,0.0063727438,0.05544927
0.0080167325,0.960125,0.0080167325,0.059360076,0.0066624833,0.9745,0.0066624833,0.054987013
0.0078096665,0.96275,0.0078096665,0.059140727,0.005272742,0.9735,0.005272742,0.04651852
0.008383401,0.96275,0.008383401,0.060195863,0.0058180634,0.972,0.0058180634,0.052518435
0.008036678,0.96175,0.008036678,0.059020787,0.005018524,0.981,0.005018524,0.046334006
0.0088136885,0.96025,0.0088136885,0.060679853,0.006085958,0.9705,0.006085958,0.053826682
0.0086430805,0.961125,0.0086430805,0.060823478,0.0065042083,0.9745,0.0065042083,0.05300486
0.008728805,0.96125,0.008728805,0.060060486,0.007973375,0.9705,0.007973375,0.057537835
0.00807276,0.96275,0.00807276,0.058697,0.0076150307,0.9715,0.0076150307,0.058980674
0.00824004,0.963,0.00824004,0.059724078,0.006837655,0.9725,0.006837655,0.05701596
0.007844053,0.962125,0.007844053,0.05899265,0.005534966,0.98,0.005534966,0.046973098
0.008426157,0.965875,0.008426157,0.060297962,0.007695887,0.982,0.007695887,0.056152202
0.007666509,0.96325,0.007666509,0.058984827,0.00752842,0.97,0.00752842,0.058900367
0.008813566,0.9625,0.008813566,0.06046213,0.0077459733,0.9665,0.0077459733,0.06031529
0.008363686,0.96225,0.008363686,0.059833985,0.0056859697,0.9725,0.0056859697,0.051683426
0.008033412,0.96,0.008033412,0.05968149,0.007899647,0.97,0.007899647,0.06540194
0.008796762,0.96025,0.008796762,0.060329486,0.0075126463,0.9745,0.0075126463,0.060389142
0.008974224,0.960625,0.008974224,0.060779206,0.0058246492,0.984,0.0058246492,0.05060496
0.007872353,0.962375,0.007872353,0.058941413,0.0055857887,0.976,0.0055857887,0.050748296
0.0073940917,0.966,0.0073940917,0.058407728,0.006037595,0.981,0.006037595,0.0506415
0.00891129,0.9615,0.00891129,0.060943246,0.0064394595,0.972,0.0064394595,0.052644517
0.008681966,0.959125,0.008681966,0.06085542,0.005856991,0.978,0.005856991,0.054820362
0.008319416,0.963,0.008319416,0.059729643,0.0061503495,0.9815,0.0061503495,0.054068793
0.008273069,0.961875,0.008273069,0.059818868,0.0073963227,0.9735,0.0073963227,0.055107277
0.0077457097,0.963,0.0077457097,0.058762178,0.005510199,0.975,0.005510199,0.052285403
0.007808359,0.961125,0.007808359,0.059515662,0.0053113364,0.979,0.0053113364,0.04424946
0.008118206,0.95775,0.008118206,0.059719887,0.0061043683,0.981,0.0061043683,0.053092048
0.008962555,0.95975,0.008962555,0.060784835,0.0064947647,0.98,0.0064947647,0.055469908
0.008647292,0.96375,0.008647292,0.06019309,0.0069571715,0.974,0.0069571715,0.05263858
0.008084539,0.9625,0.008084539,0.059991535,0.0069079017,0.9735,0.0069079017,0.05413368
0.008979558,0.964875,0.008979558,0.06058989,0.006870886,0.9725,0.006870886,0.05390975
0.008810572,0.960875,0.008810572,0.06093487,0.005428639,0.983,0.005428639,0.04684245
0.0075872727,0.963375,0.0075872727,0.058761876,0.005109311,0.975,0.005109311,0.0499823
0.007882195,0.960625,0.007882195,0.05895944,0.0060895192,0.975,0.0060895192,0.05293519
0.008200309,0.963875,0.008200309,0.059627283,0.005806005,0.973,0.005806005,0.052392494
0.007921768,0.963625,0.007921768,0.05900676,0.006388307,0.9775,0.006388307,0.05315138
0.008315205,0.962,0.008315205,0.06006785,0.006208982,0.9755,0.006208982,0.052692465
0.007900269,0.962625,0.007900269,0.059047207,0.006461151,0.9805,0.006461151,0.053911496
0.008464455,0.96525,0.008464455,0.06010196,0.004940013,0.975,0.004940013,0.04955337
0.007970899,0.962375,0.007970899,0.05954577,0.00677463,0.9795,0.00677463,0.05278908
0.007932291,0.962375,0.007932291,0.059598383,0.0061345105,0.976,0.0061345105,0.05347842
0.008715501,0.96275,0.008715501,0.059809424,0.0075291065,0.969,0.0075291065,0.060930308
0.008045618,0.96225,0.008045618,0.059581388,0.006415697,0.9725,0.006415697,0.05539115
0.007956477,0.964375,0.007956477,0.058942337,0.0054197796,0.977,0.0054197796,0.047344893
0.007953779,0.962375,0.007953779,0.059504505,0.0064711682,0.98,0.0064711682,0.051142596
0.008656198,0.96175,0.008656198,0.060254816,0.0050139385,0.977,0.0050139385,0.047664672
0.008116772,0.96225,0.008116772,0.06009225,0.0054526264,0.971,0.0054526264,0.04952657
0.008203664,0.962,0.008203664,0.0591601,0.0056158975,0.977,0.0056158975,0.04625415
0.007875474,0.965,0.007875474,0.058320493,0.005653265,0.979,0.005653265,0.04875654
0.0078025153,0.963875,0.0078025153,0.05902977,0.0064475643,0.9735,0.0064475643,0.05153733
0.008390834,0.960625,0.008390834,0.060458645,0.0069957455,0.9795,0.0069957455,0.05387801
0.008322795,0.964875,0.008322795,0.060115404,0.006459729,0.978,0.006459729,0.05199726
0.007606674,0.963125,0.007606674,0.058512814,0.007169574,0.9775,0.007169574,0.056368235
0.007909692,0.963125,0.007909692,0.059187878,0.006175864,0.977,0.006175864,0.05411005
0.007838116,0.96325,0.007838116,0.059139926,0.006690115,0.971,0.006690115,0.05805383
0.0075916722,0.962,0.0075916722,0.058326602,0.0062137926,0.9725,0.0062137926,0.057688255
0.007867174,0.965875,0.007867174,0.059221555,0.006598404,0.98,0.006598404,0.0509869
0.008427296,0.958625,0.008427296,0.05924357,0.006517725,0.981,0.006517725,0.055111997
0.008305395,0.96425,0.008305395,0.059720848,0.0044419006,0.9815,0.0044419006,0.04323776
0.0081775,0.96425,0.0081775,0.059805457,0.007425158,0.97,0.007425158,0.061254516
0.007993024,0.961,0.007993024,0.05892083,0.006686961,0.974,0.006686961,0.0581852
0.008024627,0.961875,0.008024627,0.058996823,0.005705268,0.9785,0.005705268,0.050475065
0.008288856,0.962375,0.008288856,0.059938066,0.006286997,0.9735,0.006286997,0.05539198
0.008008262,0.962,0.008008262,0.05946205,0.0068200463,0.9705,0.0068200463,0.05902691
0.008116022,0.96325,0.008116022,0.05929539,0.006085216,0.983,0.006085216,0.0510507
0.0082522705,0.964625,0.0082522705,0.059147652,0.006194084,0.9765,0.006194084,0.052143976
0.007702103,0.965,0.007702103,0.058710348,0.0068089417,0.9795,0.0068089417,0.053235296
0.008677165,0.95975,0.008677165,0.06075242,0.006426275,0.968,0.006426275,0.057903677
0.007940713,0.96125,0.007940713,0.059004832,0.0061031887,0.9705,0.0061031887,0.0546177
0.008167419,0.958125,0.008167419,0.059837967,0.005663714,0.987,0.005663714,0.05054661
0.0085665425,0.961,0.0085665425,0.06003906,0.0049782195,0.976,0.0049782195,0.0500034
0.008563689,0.96,0.008563689,0.059622023,0.006906707,0.9715,0.006906707,0.06035209
0.007817781,0.960875,0.007817781,0.059073243,0.0072890874,0.9675,0.0072890874,0.056542736
0.00817964,0.961,0.00817964,0.06014207,0.006920637,0.976,0.006920637,0.053397477
0.008008601,0.959375,0.008008601,0.05878742,0.005829628,0.979,0.005829628,0.04981105
0.008627352,0.962375,0.008627352,0.05999449,0.007992908,0.9725,0.007992908,0.060731683
0.008164808,0.9645,0.008164808,0.060173396,0.007705697,0.9765,0.007705697,0.057872016
0.008745703,0.962125,0.008745703,0.060466364,0.0070765205,0.982,0.0070765205,0.054466598
0.008262832,0.961875,0.008262832,0.059410993,0.006849842,0.975,0.006849842,0.05437496
0.008198359,0.961625,0.008198359,0.059637766,0.0057038297,0.975,0.0057038297,0.047932908
0.0078000594,0.96075,0.0078000594,0.05922171,0.007180887,0.9765,0.007180887,0.058085717
0.00868652,0.96225,0.00868652,0.06043541,0.0057350607,0.9835,0.0057350607,0.051948678
0.008031678,0.96325,0.008031678,0.059285924,0.006341414,0.9815,0.006341414,0.05195932
0.008604385,0.963125,0.008604385,0.060535975,0.006986392,0.976,0.006986392,0.05528685
0.008393319,0.96225,0.008393319,0.059609346,0.007481748,0.968,0.007481748,0.058169093
0.008315752,0.963,0.008315752,0.059434302,0.0050432477,0.98,0.0050432477,0.050397746
0.0076746065,0.962625,0.0076746065,0.05823127,0.0052206763,0.969,0.0052206763,0.04738773
0.008619205,0.965125,0.008619205,0.060123943,0.006441278,0.9855,0.006441278,0.049907688
0.0081945835,0.962875,0.0081945835,0.05950877,0.004471427,0.98,0.004471427,0.045295916
0.008153634,0.95975,0.008153634,0.060948614,0.0070829126,0.979,0.0070829126,0.059333183
0.008393423,0.96425,0.008393423,0.06076703,0.0056073773,0.982,0.0056073773,0.050744087
0.0079690935,0.9645,0.0079690935,0.058730163,0.005083113,0.982,0.005083113,0.046630796
0.008273345,0.96375,0.008273345,0.060174555,0.006756722,0.974,0.006756722,0.054925933
0.00824825,0.9595,0.00824825,0.059771072,0.0060956483,0.97,0.0060956483,0.05220254
0.007607993,0.965875,0.007607993,0.058258653,0.006426488,0.9805,0.006426488,0.052128337
0.007924911,0.962625,0.007924911,0.059508514,0.0047635143,0.974,0.0047635143,0.04659039
0.0076903915,0.963375,0.0076903915,0.058705706,0.005956073,0.9825,0.005956073,0.0506154
0.007776153,0.964625,0.007776153,0.05865725,0.0064793644,0.9675,0.0064793644,0.056456253
0.0076381285,0.9625,0.0076381285,0.058350533,0.005697862,0.9715,0.005697862,0.05593647
0.008223054,0.960375,0.008223054,0.058955237,0.0050106808,0.9775,0.0050106808,0.047440305
0.00796091,0.963875,0.00796091,0.05882497,0.00698003,0.966,0.00698003,0.06027572
0.00834319,0.962375,0.00834319,0.060197197,0.0059054936,0.979,0.0059054936,0.050309118
0.007876712,0.965,0.007876712,0.059365496,0.0073300037,0.9805,0.0073300037,0.0543082
0.0077895313,0.96375,0.0077895313,0.05853149,0.0069096796,0.979,0.0069096796,0.054718085
0.008240867,0.96225,0.008240867,0.059909776,0.0073873573,0.9735,0.0073873573,0.058441296
0.0079699205,0.96525,0.0079699205,0.059214573,0.0049097096,0.9745,0.0049097096,0.0511459
0.007633494,0.9635,0.007633494,0.058381822,0.0052597704,0.9735,0.0052597704,0.049529664
0.008360584,0.96125,0.008360584,0.060227685,0.0054820236,0.9705,0.0054820236,0.05444864
0.008460838,0.9615,0.008460838,0.05991595,0.0054441243,0.9765,0.0054441243,0.049952824
0.0084597645,0.9615,0.0084597645,0.060474154,0.005974496,0.9755,0.005974496,0.053574145
0.0077931546,0.96225,0.0077931546,0.058263727,0.005163603,0.9775,0.005163603,0.049627367
0.008503725,0.958375,0.008503725,0.05941486,0.006186008,0.976,0.006186008,0.05133802
0.008674321,0.960625,0.008674321,0.059648536,0.0050822287,0.976,0.0050822287,0.04733129
0.008146461,0.962875,0.008146461,0.06026219,0.0058318423,0.976,0.0058318423,0.052600916
0.008237081,0.961375,0.008237081,0.05914395,0.0068864343,0.9805,0.0068864343,0.056449354
0.0074163247,0.963625,0.0074163247,0.05824537,0.008590697,0.9775,0.008590697,0.06420944
0.008428792,0.962875,0.008428792,0.05978912,0.00528284,0.986,0.00528284,0.045634076
0.008288026,0.9595,0.008288026,0.06010683,0.0058891876,0.98,0.0058891876,0.050779063
0.008603828,0.959875,0.008603828,0.05992918,0.0065756575,0.9755,0.0065756575,0.053552955
0.008428488,0.957875,0.008428488,0.060034163,0.006614117,0.9715,0.006614117,0.054317474
0.0078213215,0.963125,0.0078213215,0.05932516,0.005858544,0.974,0.005858544,0.05364734
0.007897015,0.9625,0.007897015,0.058744963,0.0059885923,0.974,0.0059885923,0.05461956
0.008123784,0.964125,0.008123784,0.05979833,0.005677555,0.977,0.005677555,0.047844157
0.008855779,0.961125,0.008855779,0.06052337,0.0059899935,0.9745,0.0059899935,0.052914828
0.00786007,0.962625,0.00786007,0.05921116,0.0067318687,0.9775,0.0067318687,0.053336274
0.008819138,0.961375,0.008819138,0.060728513,0.006730907,0.9775,0.006730907,0.053563286
0.008424568,0.963125,0.008424568,0.059620958,0.0067031374,0.9695,0.0067031374,0.05811681
0.007739614,0.962875,0.007739614,0.0586287,0.006460551,0.9735,0.006460551,0.051134698
0.008614575,0.963,0.008614575,0.059672825,0.006281268,0.973,0.006281268,0.0504692
0.008289387,0.963625,0.008289387,0.060815122,0.0071413703,0.9725,0.0071413703,0.060374785
0.007236647,0.962375,0.007236647,0.058195148,0.006566275,0.977,0.006566275,0.055256523
0.0074457894,0.96675,0.0074457894,0.058319785,0.006368649,0.9795,0.006368649,0.05347739
0.00838803,0.963875,0.00838803,0.059703898,0.006939037,0.9785,0.006939037,0.05397541
0.008873871,0.961125,0.008873871,0.060784105,0.0063437764,0.977,0.0063437764,0.049462367
0.008303553,0.961,0.008303553,0.05944574,0.0070750625,0.9665,0.0070750625,0.057503577
0.007700775,0.96175,0.007700775,0.05874026,0.0049129706,0.9775,0.0049129706,0.04833788
0.007958091,0.96175,0.007958091,0.058878403,0.0057322728,0.9735,0.0057322728,0.05257993
0.007872924,0.9645,0.007872924,0.059054494,0.0054537896,0.9755,0.0054537896,0.04807723
0.009252928,0.963375,0.009252928,0.060686674,0.006802648,0.9755,0.006802648,0.053599965
0.0073935925,0.96425,0.0073935925,0.05833067,0.006331976,0.979,0.006331976,0.052797765
0.0077935085,0.96225,0.0077935085,0.059160676,0.00620568,0.982,0.00620568,0.05138792
0.008284707,0.962,0.008284707,0.059396178,0.007107149,0.9785,0.007107149,0.057975173
0.008503428,0.960125,0.008503428,0.0603387,0.006058996,0.978,0.006058996,0.054210223
0.007951904,0.96525,0.007951904,0.05893364,0.0063591776,0.981,0.0063591776,0.05393657
0.008279258,0.961375,0.008279258,0.059693635,0.0060484954,0.9815,0.0060484954,0.05397902
